"CloneNumber"	"Frequency"
1	526845680
2	433872913
3	433872913
4	371891068
5	309909223
6	278918301
7	278918301
8	278918301
9	278918301
10	278918301
11	247927379
12	247927379
13	247927379
14	216936456
15	216936456
16	216936456
17	216936456
18	185945534
19	185945534
20	185945534
21	185945534
22	185945534
23	185945534
24	185945534
25	185945534
26	185945534
27	154954612
28	154954612
29	154954612
30	154954612
31	154954612
32	154954612
33	154954612
34	154954612
35	154954612
36	154954612
37	123963689
38	123963689
39	123963689
40	123963689
41	123963689
42	123963689
43	123963689
44	123963689
45	123963689
46	123963689
47	123963689
48	123963689
49	123963689
50	123963689
51	123963689
52	123963689
53	123963689
54	123963689
55	123963689
56	123963689
57	123963689
58	123963689
59	123963689
60	123963689
61	123963689
62	123963689
63	123963689
64	92972767
65	92972767
66	92972767
67	92972767
68	92972767
69	92972767
70	92972767
71	92972767
72	92972767
73	92972767
74	92972767
75	92972767
76	92972767
77	92972767
78	92972767
79	92972767
80	92972767
81	92972767
82	92972767
83	92972767
84	92972767
85	92972767
86	92972767
87	92972767
88	92972767
89	92972767
90	92972767
91	92972767
92	92972767
93	92972767
94	92972767
95	92972767
96	92972767
97	92972767
98	92972767
99	92972767
100	92972767
101	92972767
102	92972767
103	92972767
104	92972767
105	92972767
106	92972767
107	92972767
108	92972767
109	92972767
110	92972767
111	92972767
112	92972767
113	92972767
114	92972767
115	61981845
116	61981845
117	61981845
118	61981845
119	61981845
120	61981845
121	61981845
122	61981845
123	61981845
124	61981845
125	61981845
126	61981845
127	61981845
128	61981845
129	61981845
130	61981845
131	61981845
132	61981845
133	61981845
134	61981845
135	61981845
136	61981845
137	61981845
138	61981845
139	61981845
140	61981845
141	61981845
142	61981845
143	61981845
144	61981845
145	61981845
146	61981845
147	61981845
148	61981845
149	61981845
150	61981845
151	61981845
152	61981845
153	61981845
154	61981845
155	61981845
156	61981845
157	61981845
158	61981845
159	61981845
160	61981845
161	61981845
162	61981845
163	61981845
164	61981845
165	61981845
166	61981845
167	61981845
168	61981845
169	61981845
170	61981845
171	61981845
172	61981845
173	61981845
174	61981845
175	61981845
176	61981845
177	61981845
178	61981845
179	61981845
180	61981845
181	61981845
182	61981845
183	61981845
184	61981845
185	61981845
186	61981845
187	61981845
188	61981845
189	61981845
190	61981845
191	61981845
192	61981845
193	61981845
194	61981845
195	61981845
196	61981845
197	61981845
198	61981845
199	61981845
200	61981845
201	61981845
202	61981845
203	61981845
204	61981845
205	61981845
206	61981845
207	61981845
208	61981845
209	61981845
210	61981845
211	61981845
212	61981845
213	61981845
214	61981845
215	61981845
216	61981845
217	61981845
218	61981845
219	61981845
220	61981845
221	61981845
222	61981845
223	61981845
224	61981845
225	61981845
226	61981845
227	61981845
228	61981845
229	61981845
230	61981845
231	61981845
232	61981845
233	61981845
234	61981845
235	61981845
236	61981845
237	61981845
238	61981845
239	61981845
240	61981845
241	61981845
242	61981845
243	61981845
244	61981845
245	61981845
246	61981845
247	61981845
248	30990922
249	30990922
250	30990922
251	30990922
252	30990922
253	30990922
254	30990922
255	30990922
256	30990922
257	30990922
258	30990922
259	30990922
260	30990922
261	30990922
262	30990922
263	30990922
264	30990922
265	30990922
266	30990922
267	30990922
268	30990922
269	30990922
270	30990922
271	30990922
272	30990922
273	30990922
274	30990922
275	30990922
276	30990922
277	30990922
278	30990922
279	30990922
280	30990922
281	30990922
282	30990922
283	30990922
284	30990922
285	30990922
286	30990922
287	30990922
288	30990922
289	30990922
290	30990922
291	30990922
292	30990922
293	30990922
294	30990922
295	30990922
296	30990922
297	30990922
298	30990922
299	30990922
300	30990922
301	30990922
302	30990922
303	30990922
304	30990922
305	30990922
306	30990922
307	30990922
308	30990922
309	30990922
310	30990922
311	30990922
312	30990922
313	30990922
314	30990922
315	30990922
316	30990922
317	30990922
318	30990922
319	30990922
320	30990922
321	30990922
322	30990922
323	30990922
324	30990922
325	30990922
326	30990922
327	30990922
328	30990922
329	30990922
330	30990922
331	30990922
332	30990922
333	30990922
334	30990922
335	30990922
336	30990922
337	30990922
338	30990922
339	30990922
340	30990922
341	30990922
342	30990922
343	30990922
344	30990922
345	30990922
346	30990922
347	30990922
348	30990922
349	30990922
350	30990922
351	30990922
352	30990922
353	30990922
354	30990922
355	30990922
356	30990922
357	30990922
358	30990922
359	30990922
360	30990922
361	30990922
362	30990922
363	30990922
364	30990922
365	30990922
366	30990922
367	30990922
368	30990922
369	30990922
370	30990922
371	30990922
372	30990922
373	30990922
374	30990922
375	30990922
376	30990922
377	30990922
378	30990922
379	30990922
380	30990922
381	30990922
382	30990922
383	30990922
384	30990922
385	30990922
386	30990922
387	30990922
388	30990922
389	30990922
390	30990922
391	30990922
392	30990922
393	30990922
394	30990922
395	30990922
396	30990922
397	30990922
398	30990922
399	30990922
400	30990922
401	30990922
402	30990922
403	30990922
404	30990922
405	30990922
406	30990922
407	30990922
408	30990922
409	30990922
410	30990922
411	30990922
412	30990922
413	30990922
414	30990922
415	30990922
416	30990922
417	30990922
418	30990922
419	30990922
420	30990922
421	30990922
422	30990922
423	30990922
424	30990922
425	30990922
426	30990922
427	30990922
428	30990922
429	30990922
430	30990922
431	30990922
432	30990922
433	30990922
434	30990922
435	30990922
436	30990922
437	30990922
438	30990922
439	30990922
440	30990922
441	30990922
442	30990922
443	30990922
444	30990922
445	30990922
446	30990922
447	30990922
448	30990922
449	30990922
450	30990922
451	30990922
452	30990922
453	30990922
454	30990922
455	30990922
456	30990922
457	30990922
458	30990922
459	30990922
460	30990922
461	30990922
462	30990922
463	30990922
464	30990922
465	30990922
466	30990922
467	30990922
468	30990922
469	30990922
470	30990922
471	30990922
472	30990922
473	30990922
474	30990922
475	30990922
476	30990922
477	30990922
478	30990922
479	30990922
480	30990922
481	30990922
482	30990922
483	30990922
484	30990922
485	30990922
486	30990922
487	30990922
488	30990922
489	30990922
490	30990922
491	30990922
492	30990922
493	30990922
494	30990922
495	30990922
496	30990922
497	30990922
498	30990922
499	30990922
500	30990922
501	30990922
502	30990922
503	30990922
504	30990922
505	30990922
506	30990922
507	30990922
508	30990922
509	30990922
510	30990922
511	30990922
512	30990922
513	30990922
514	30990922
515	30990922
516	30990922
517	30990922
518	30990922
519	30990922
520	30990922
521	30990922
522	30990922
523	30990922
524	30990922
525	30990922
526	30990922
527	30990922
528	30990922
529	30990922
530	30990922
531	30990922
532	30990922
533	30990922
534	30990922
535	30990922
536	30990922
537	30990922
538	30990922
539	30990922
540	30990922
541	30990922
542	30990922
543	30990922
544	30990922
545	30990922
546	30990922
547	30990922
548	30990922
549	30990922
550	30990922
551	30990922
552	30990922
553	30990922
554	30990922
555	30990922
556	30990922
557	30990922
558	30990922
559	30990922
560	30990922
561	30990922
562	30990922
563	30990922
564	30990922
565	30990922
566	30990922
567	30990922
568	30990922
569	30990922
570	30990922
571	30990922
572	30990922
573	30990922
574	30990922
575	30990922
576	30990922
577	30990922
578	30990922
579	30990922
580	30990922
581	30990922
582	31018410
583	30936215
584	30881650
585	30827413
586	30746385
587	30692744
588	30639262
589	30559435
590	30506536
591	30453892
592	30375256
593	30323071
594	30245285
595	30193687
596	30142237
597	30065569
598	30014694
599	29938788
600	29888408
601	29838257
602	29763411
603	29713780
604	29639700
605	29590510
606	29517167
607	29468449
608	29395833
609	29347612
610	29275734
611	29227968
612	29156767
613	29109531
614	29038960
615	28992188
616	28922324
617	28875987
618	28806741
619	28760855
620	28692269
621	28624178
622	28578964
623	28511472
624	28466662
625	28399776
626	28333251
627	28289126
628	28223236
629	28157700
630	28114217
631	28049277
632	28006228
633	27941858
634	27877874
635	27814264
636	27772041
637	27708972
638	27646199
639	27604560
640	27542387
641	27480524
642	27419030
643	27378181
644	27317192
645	27256555
646	27196200
647	27156148
648	27096340
649	27036830
650	26977657
651	26918708
652	26879608
653	26821202
654	26763159
655	26705321
656	26647774
657	26590606
658	26552575
659	26495857
660	26439424
661	26383210
662	26327373
663	26271730
664	26216371
665	26161299
666	26106482
667	26051937
668	25997692
669	25961604
670	25907824
671	25854253
672	25800956
673	25747865
674	25695121
675	25642582
676	25590235
677	25538153
678	25486402
679	25417717
680	25366458
681	25315455
682	25264703
683	25214153
684	25163876
685	25113806
686	25063960
687	25014383
688	24965010
689	24915883
690	24850691
691	24802039
692	24753639
693	24705438
694	24657485
695	24609720
696	24546376
697	24499112
698	24452046
699	24405199
700	24358561
701	24296733
702	24250563
703	24204594
704	24158884
705	24098119
706	24052837
707	24007722
708	23962851
709	23903260
710	23858789
711	23814516
712	23755792
713	23711997
714	23668335
715	23610459
716	23567238
717	23509883
718	23467098
719	23424485
720	23367896
721	23325720
722	23269715
723	23227940
724	23172469
725	23131041
726	23089803
727	23035106
728	22994233
729	22940042
730	22899585
731	22845911
732	22805824
733	22752609
734	22699662
735	22660196
736	22607806
737	22568638
738	22516744
739	22477930
740	22426452
741	22375243
742	22337027
743	22286301
744	22248377
745	22198140
746	22148155
747	22110766
748	22061200
749	22011887
750	21962771
751	21926156
752	21877488
753	21829079
754	21792959
755	21744980
756	21697229
757	21649722
758	21602468
759	21567170
760	21520295
761	21473677
762	21427248
763	21381084
764	21346604
765	21300802
766	21255255
767	21209918
768	21164802
769	21119849
770	21075158
771	21030675
772	20986392
773	20942335
774	20909449
775	20865742
776	20822272
777	20778949
778	20735879
779	20693015
780	20650256
781	20607824
782	20565524
783	20512929
784	20471069
785	20429381
786	20387917
787	20346613
788	20305503
789	20264578
790	20223898
791	20183293
792	20142907
793	20092737
794	20052782
795	20012970
796	19973387
797	19933929
798	19884878
799	19845829
800	19806999
801	19768227
802	19720097
803	19681802
804	19643601
805	19605609
806	19558313
807	19520730
808	19483224
809	19436649
810	19399531
811	19353373
812	19316628
813	19280001
814	19234513
815	19198235
816	19153091
817	19117180
818	19081421
819	19036944
820	19001510
821	18957399
822	18922297
823	18878623
824	18843839
825	18800552
826	18757477
827	18723239
828	18680517
829	18646534
830	18604296
831	18570612
832	18528721
833	18487006
834	18453782
835	18412456
836	18371355
837	18338605
838	18297864
839	18257293
840	18216941
841	18184812
842	18144771
843	18104991
844	18065416
845	18033808
846	17994533
847	17955457
848	17916548
849	17877827
850	17839331
851	17808637
852	17770469
853	17732447
854	17694595
855	17656874
856	17619436
857	17582116
858	17544980
859	17507988
860	17471196
861	17434566
862	17398141
863	17361819
864	17325701
865	17289746
866	17253962
867	17218312
868	17182814
869	17147515
870	17112376
871	17070397
872	17035590
873	17000907
874	16966441
875	16932108
876	16897884
877	16857051
878	16823204
879	16789492
880	16755901
881	16715841
882	16682580
883	16649480
884	16609931
885	16577170
886	16544553
887	16505553
888	16473215
889	16440999
890	16402519
891	16370645
892	16332563
893	16300941
894	16263171
895	16231874
896	16194470
897	16163469
898	16126420
899	16095640
900	16058916
901	16028495
902	15992092
903	15961901
904	15925856
905	15889957
906	15860197
907	15824652
908	15789237
909	15759888
910	15724801
911	15689897
912	15660955
913	15626342
914	15591927
915	15557660
916	15523544
917	15495233
918	15461463
919	15427780
920	15394309
921	15360953
922	15327790
923	15294752
924	15261936
925	15234632
926	15202025
927	15169613
928	15137312
929	15105196
930	15073202
931	15041338
932	15009626
933	14972854
934	14941470
935	14910190
936	14879100
937	14848130
938	14817305
939	14786612
940	14756088
941	14720607
942	14690337
943	14660222
944	14630233
945	14595382
946	14565722
947	14536144
948	14501759
949	14472501
950	14443311
951	14409458
952	14380568
953	14351766
954	14318374
955	14289837
956	14256778
957	14228529
958	14195742
959	14167725
960	14135202
961	14107534
962	14075367
963	14047826
964	14015948
965	13984210
966	13957123
967	13925623
968	13898787
969	13867588
970	13836553
971	13805716
972	13779330
973	13748716
974	13718266
975	13687924
976	13662091
977	13632029
978	13602055
979	13572308
980	13542694
981	13513176
982	13483826
983	13454619
984	13425497
985	13400682
986	13371862
987	13339055
988	13310528
989	13282071
990	13253797
991	13225634
992	13197621
993	13169674
994	13141878
995	13114269
996	13086713
997	13055362
998	13028097
999	13000972
1000	12973931
1001	12943184
1002	12916400
1003	12889786
1004	12859462
1005	12833031
1006	12806750
1007	12776841
1008	12750792
1009	12721163
1010	12695340
1011	12666025
1012	12640450
1013	12611389
1014	12586013
1015	12557225
1016	12532145
1017	12503560
1018	12478709
1019	12450402
1020	12422249
1021	12397728
1022	12369796
1023	12342021
1024	12314394
1025	12290327
1026	12262900
1027	12235655
1028	12208527
1029	12181477
1030	12157988
1031	12131196
1032	12104554
1033	12078017
1034	12051617
1035	12025356
1036	11999199
1037	11973161
1038	11947230
1039	11921425
1040	11895750
1041	11870194
1042	11841574
1043	11816257
1044	11791094
1045	11765972
1046	11741030
1047	11713014
1048	11688283
1049	11663701
1050	11639229
1051	11611705
1052	11587432
1053	11563229
1054	11536167
1055	11512202
1056	11485402
1057	11461668
1058	11435104
1059	11411611
1060	11385240
1061	11361964
1062	11335861
1063	11312778
1064	11286922
1065	11261193
1066	11238454
1067	11212955
1068	11187596
1069	11165160
1070	11139995
1071	11114975
1072	11090111
1073	11065329
1074	11043364
1075	11018800
1076	10994355
1077	10970032
1078	10945794
1079	10921698
1080	10897694
1081	10873820
1082	10849995
1083	10826367
1084	10802792
1085	10779359
1086	10753415
1087	10730211
1088	10707102
1089	10684065
1090	10661141
1091	10635790
1092	10613100
1093	10590543
1094	10565547
1095	10543158
1096	10520910
1097	10496249
1098	10474188
1099	10449769
1100	10427890
1101	10403717
1102	10382060
1103	10358090
1104	10334234
1105	10312875
1106	10289245
1107	10265767
1108	10244663
1109	10221386
1110	10198205
1111	10175091
1112	10154447
1113	10131543
1114	10108814
1115	10086160
1116	10063594
1117	10041149
1118	10018833
1119	9996591
1120	9974467
1121	9952428
1122	9930483
1123	9908651
1124	9886948
1125	9865323
1126	9841670
1127	9820222
1128	9798907
1129	9777677
1130	9754436
1131	9733420
1132	9712501
1133	9689613
1134	9668875
1135	9646136
1136	9625632
1137	9603139
1138	9582780
1139	9560521
1140	9540395
1141	9518299
1142	9498301
1143	9476459
1144	9454695
1145	9433030
1146	9413464
1147	9391995
1148	9370625
1149	9349394
1150	9328172
1151	9307138
1152	9288071
1153	9267228
1154	9246443
1155	9225756
1156	9203347
1157	9182859
1158	9162467
1159	9142205
1160	9122035
1161	9101923
1162	9081895
1163	9060190
1164	9040402
1165	9020668
1166	8999220
1167	8979716
1168	8958484
1169	8939129
1170	8919890
1171	8898972
1172	8878154
1173	8859169
1174	8838512
1175	8819681
1176	8799271
1177	8778950
1178	8760386
1179	8740254
1180	8720178
1181	8700242
1182	8680394
1183	8660616
1184	8640949
1185	8621363
1186	8601883
1187	8582466
1188	8563188
1189	8543988
1190	8524833
1191	8505815
1192	8486849
1193	8468007
1194	8447685
1195	8428977
1196	8410398
1197	8390327
1198	8371929
1199	8353575
1200	8333816
1201	8315659
1202	8296108
1203	8276606
1204	8258707
1205	8239363
1206	8221652
1207	8202538
1208	8183502
1209	8164547
1210	8147164
1211	8128417
1212	8109712
1213	8091153
1214	8072644
1215	8054208
1216	8035890
1217	8017667
1218	7999505
1219	7981453
1220	7963463
1221	7944170
1222	7926398
1223	7908660
1224	7891019
1225	7872106
1226	7854619
1227	7835888
1228	7818591
1229	7800052
1230	7782889
1231	7764512
1232	7747520
1233	7729305
1234	7711202
1235	7694448
1236	7676508
1237	7658670
1238	7640873
1239	7623184
1240	7606831
1241	7589316
1242	7571864
1243	7554499
1244	7537235
1245	7520024
1246	7501689
1247	7484632
1248	7467698
1249	7450837
1250	7432857
1251	7416119
1252	7399526
1253	7381785
1254	7365305
1255	7347747
1256	7331426
1257	7314031
1258	7297873
1259	7280608
1260	7263496
1261	7247522
1262	7230566
1263	7213676
1264	7196847
1265	7180083
1266	7163423
1267	7146847
1268	7130329
1269	7113924
1270	7097562
1271	7081285
1272	7065100
1273	7048981
1274	7031862
1275	7015883
1276	7000016
1277	6983168
1278	6967415
1279	6950730
1280	6935122
1281	6918585
1282	6903149
1283	6886755
1284	6870452
1285	6855226
1286	6839072
1287	6823003
1288	6807005
1289	6791076
1290	6775242
1291	6759465
1292	6743803
1293	6728166
1294	6712616
1295	6697164
1296	6681748
1297	6665474
1298	6650239
1299	6635060
1300	6619008
1301	6603988
1302	6588092
1303	6573214
1304	6557486
1305	6542730
1306	6527143
1307	6511638
1308	6497114
1309	6481744
1310	6466440
1311	6451242
1312	6436075
1313	6421012
1314	6406006
1315	6391068
1316	6376236
1317	6360586
1318	6345858
1319	6331240
1320	6316654
1321	6301288
1322	6286867
1323	6271684
1324	6257389
1325	6242332
1326	6228177
1327	6213261
1328	6198422
1329	6183648
1330	6169770
1331	6155145
1332	6140593
1333	6126083
1334	6111665
1335	6097341
1336	6083070
1337	6068064
1338	6053912
1339	6039874
1340	6025835
1341	6011147
1342	5997280
1343	5982716
1344	5968983
1345	5954555
1346	5940942
1347	5926670
1348	5912460
1349	5898320
1350	5884966
1351	5870958
1352	5857004
1353	5843132
1354	5829324
1355	5815580
1356	5801187
1357	5787565
1358	5774039
1359	5760553
1360	5746475
1361	5733083
1362	5719127
1363	5705896
1364	5692085
1365	5678289
1366	5665300
1367	5651655
1368	5638047
1369	5624580
1370	5611116
1371	5597716
1372	5584433
1373	5571168
1374	5557983
1375	5544888
1376	5531851
1377	5518185
1378	5505252
1379	5492401
1380	5478941
1381	5466226
1382	5452909
1383	5439663
1384	5427094
1385	5413994
1386	5400935
1387	5387948
1388	5375038
1389	5362150
1390	5349369
1391	5336622
1392	5323962
1393	5311329
1394	5298205
1395	5285727
1396	5272712
1397	5260329
1398	5247439
1399	5235186
1400	5222446
1401	5209742
1402	5197688
1403	5185095
1404	5172564
1405	5160127
1406	5147735
1407	5135406
1408	5123121
1409	5110350
1410	5098206
1411	5086126
1412	5073541
1413	5061551
1414	5049120
1415	5037266
1416	5024931
1417	5012652
1418	5000981
1419	4988824
1420	4976721
1421	4964699
1422	4952738
1423	4940791
1424	4928449
1425	4916648
1426	4904902
1427	4893213
1428	4881103
1429	4869544
1430	4857515
1431	4845574
1432	4834160
1433	4822355
1434	4810566
1435	4798868
1436	4787217
1437	4775606
1438	4764065
1439	4752587
1440	4741160
1441	4729298
1442	4717979
1443	4706747
1444	4695064
1445	4683452
1446	4672383
1447	4660883
1448	4649449
1449	4638045
1450	4626708
1451	4615451
1452	4604237
1453	4593066
1454	4581982
1455	4570916
1456	4559480
1457	4548553
1458	4537229
1459	4526395
1460	4515192
1461	4504467
1462	4493357
1463	4482327
1464	4471345
1465	4460422
1466	4449550
1467	4438703
1468	4427551
1469	4416830
1470	4406151
1471	4395138
1472	4384593
1473	4373671
1474	4362824
1475	4352428
1476	4341683
1477	4331002
1478	4320366
1479	4309769
1480	4299235
1481	4288758
1482	4277946
1483	4267587
1484	4256872
1485	4246622
1486	4236001
1487	4225853
1488	4215362
1489	4204914
1490	4194511
1491	4184182
1492	4173882
1493	4163666
1494	4153479
1495	4142981
1496	4132904
1497	4122536
1498	4112551
1499	4102276
1500	4092405
1501	4082218
1502	4072092
1503	4062001
1504	4051973
1505	4042005
1506	4032073
1507	4021852
1508	4012036
1509	4001898
1510	3992171
1511	3982184
1512	3972214
1513	3962635
1514	3952762
1515	3942947
1516	3933185
1517	3923482
1518	3913495
1519	3903875
1520	3894305
1521	3884467
1522	3874995
1523	3865247
1524	3855554
1525	3845927
1526	3836346
1527	3826795
1528	3817286
1529	3807836
1530	3798458
1531	3789102
1532	3779497
1533	3770232
1534	3760729
1535	3751268
1536	3741861
1537	3732795
1538	3723477
1539	3713922
1540	3704690
1541	3695521
1542	3686396
1543	3677018
1544	3667965
1545	3658713
1546	3649471
1547	3640314
1548	3631442
1549	3622371
1550	3613039
1551	3604061
1552	3595109
1553	3586210
1554	3577061
1555	3568010
1556	3559248
1557	3550243
1558	3541297
1559	3532404
1560	3523557
1561	3514752
1562	3505997
1563	3497021
1564	3488349
1565	3479472
1566	3470889
1567	3462093
1568	3453342
1569	3444646
1570	3435988
1571	3427375
1572	3418795
1573	3410022
1574	3401558
1575	3392882
1576	3384476
1577	3375889
1578	3367325
1579	3358815
1580	3350382
1581	3341964
1582	3333566
1583	3325019
1584	3316737
1585	3308250
1586	3300038
1587	3291669
1588	3283313
1589	3274993
1590	3266760
1591	3258515
1592	3250132
1593	3241986
1594	3233684
1595	3225626
1596	3217416
1597	3209228
1598	3201066
1599	3192990
1600	3184907
1601	3176893
1602	3168719
1603	3160783
1604	3152677
1605	3144622
1606	3136599
1607	3128609
1608	3120684
1609	3112790
1610	3104923
1611	3097114
1612	3089142
1613	3081208
1614	3073510
1615	3065654
1616	3057843
1617	3050083
1618	3042334
1619	3034462
1620	3026810
1621	3018998
1622	3011423
1623	3003690
1624	2996019
1625	2988369
1626	2980764
1627	2973025
1628	2965506
1629	2958011
1630	2950377
1631	2942795
1632	2935236
1633	2927735
1634	2920251
1635	2912825
1636	2905434
1637	2897905
1638	2890582
1639	2883114
1640	2875701
1641	2868326
1642	2860992
1643	2853682
1644	2846404
1645	2839027
1646	2831822
1647	2824520
1648	2817230
1649	2809985
1650	2802782
1651	2795621
1652	2788499
1653	2781235
1654	2774193
1655	2766998
1656	2759850
1657	2752753
1658	2745682
1659	2738649
1660	2731639
1661	2724541
1662	2717618
1663	2710587
1664	2703587
1665	2696603
1666	2689689
1667	2682777
1668	2675772
1669	2668951
1670	2662012
1671	2655131
1672	2648271
1673	2641441
1674	2634647
1675	2627880
1676	2621027
1677	2614190
1678	2607549
1679	2600789
1680	2594055
1681	2587376
1682	2580609
1683	2573968
1684	2567258
1685	2560726
1686	2554058
1687	2547461
1688	2540868
1689	2534189
1690	2527675
1691	2521055
1692	2514497
1693	2508080
1694	2501570
1695	2494981
1696	2488536
1697	2482136
1698	2475643
1699	2469184
1700	2462848
1701	2456471
1702	2449989
1703	2443656
1704	2437344
1705	2430966
1706	2424618
1707	2418300
1708	2412005
1709	2405736
1710	2399536
1711	2393220
1712	2387078
1713	2380822
1714	2374624
1715	2368441
1716	2362186
1717	2356075
1718	2349884
1719	2343830
1720	2337708
1721	2331613
1722	2325540
1723	2319402
1724	2313410
1725	2307320
1726	2301282
1727	2295269
1728	2289268
1729	2283322
1730	2277305
1731	2271401
1732	2265442
1733	2259503
1734	2253602
1735	2247728
1736	2241802
1737	2235978
1738	2230093
1739	2224244
1740	2218433
1741	2212644
1742	2206773
1743	2201045
1744	2195234
1745	2189479
1746	2183748
1747	2178042
1748	2172261
1749	2166616
1750	2160901
1751	2155217
1752	2149563
1753	2143948
1754	2138256
1755	2132594
1756	2127050
1757	2121454
1758	2115894
1759	2110268
1760	2104753
1761	2099193
1762	2093620
1763	2088135
1764	2082640
1765	2077177
1766	2071673
1767	2066281
1768	2060827
1769	2055394
1770	2049984
1771	2044533
1772	2039106
1773	2033800
1774	2028437
1775	2023091
1776	2017684
1777	2012398
1778	2007063
1779	2001750
1780	1996471
1781	1991204
1782	1985890
1783	1980704
1784	1975440
1785	1970224
1786	1965023
1787	1959865
1788	1954639
1789	1949425
1790	1944274
1791	1939133
1792	1934009
1793	1928857
1794	1923811
1795	1918707
1796	1913623
1797	1908492
1798	1903482
1799	1898397
1800	1893366
1801	1888352
1802	1883352
1803	1878371
1804	1873379
1805	1868376
1806	1863433
1807	1858503
1808	1853528
1809	1848656
1810	1843720
1811	1838827
1812	1833947
1813	1829043
1814	1824222
1815	1819361
1816	1814519
1817	1809646
1818	1804874
1819	1800037
1820	1795244
1821	1790463
1822	1785728
1823	1780940
1824	1776241
1825	1771506
1826	1766792
1827	1762043
1828	1757382
1829	1752680
1830	1748012
1831	1743359
1832	1738664
1833	1734073
1834	1729423
1835	1724819
1836	1720230
1837	1715612
1838	1711011
1839	1706444
1840	1701886
1841	1697373
1842	1692807
1843	1688263
1844	1683761
1845	1679268
1846	1674812
1847	1670302
1848	1665839
1849	1661379
1850	1656913
1851	1652513
1852	1648089
1853	1643670
1854	1639288
1855	1634862
1856	1630474
1857	1626103
1858	1621770
1859	1617444
1860	1613086
1861	1608756
1862	1604454
1863	1600177
1864	1595860
1865	1591582
1866	1587304
1867	1583064
1868	1578785
1869	1574536
1870	1570332
1871	1566115
1872	1561937
1873	1557729
1874	1553539
1875	1549372
1876	1545191
1877	1541024
1878	1536885
1879	1532754
1880	1528665
1881	1524534
1882	1520426
1883	1516352
1884	1512237
1885	1508205
1886	1504153
1887	1500115
1888	1496043
1889	1492007
1890	1488030
1891	1483985
1892	1479999
1893	1476010
1894	1472018
1895	1468075
1896	1464087
1897	1460174
1898	1456240
1899	1452287
1900	1448382
1901	1444466
1902	1440576
1903	1436702
1904	1432804
1905	1428928
1906	1425074
1907	1421248
1908	1417398
1909	1413560
1910	1409753
1911	1405963
1912	1402153
1913	1398356
1914	1394597
1915	1390803
1916	1387031
1917	1383283
1918	1379559
1919	1375820
1920	1372131
1921	1368383
1922	1364700
1923	1360990
1924	1357323
1925	1353646
1926	1349951
1927	1346352
1928	1342662
1929	1339034
1930	1335396
1931	1331790
1932	1328185
1933	1324600
1934	1321009
1935	1317433
1936	1313853
1937	1310305
1938	1306745
1939	1303178
1940	1299667
1941	1296122
1942	1292631
1943	1289105
1944	1285626
1945	1282112
1946	1278639
1947	1275185
1948	1271723
1949	1268238
1950	1264814
1951	1261377
1952	1257959
1953	1254519
1954	1251133
1955	1247741
1956	1244321
1957	1240957
1958	1237587
1959	1234195
1960	1230858
1961	1227516
1962	1224185
1963	1220827
1964	1217501
1965	1214197
1966	1210911
1967	1207607
1968	1204310
1969	1201044
1970	1197774
1971	1194503
1972	1191260
1973	1188012
1974	1184778
1975	1181559
1976	1178335
1977	1175123
1978	1171918
1979	1168714
1980	1165538
1981	1162367
1982	1159185
1983	1156035
1984	1152870
1985	1149733
1986	1146605
1987	1143483
1988	1140350
1989	1137246
1990	1134135
1991	1131030
1992	1127941
1993	1124866
1994	1121813
1995	1118746
1996	1115678
1997	1112646
1998	1109613
1999	1106567
2000	1103556
2001	1100541
2002	1097507
2003	1094534
2004	1091535
2005	1088540
2006	1085596
2007	1082614
2008	1079652
2009	1076694
2010	1073754
2011	1070818
2012	1067890
2013	1064973
2014	1062061
2015	1059156
2016	1056251
2017	1053355
2018	1050488
2019	1047616
2020	1044741
2021	1041876
2022	1039012
2023	1036165
2024	1033336
2025	1030525
2026	1027703
2027	1024870
2028	1022080
2029	1019257
2030	1016478
2031	1013677
2032	1010918
2033	1008137
2034	1005367
2035	1002619
2036	999869
2037	997121
2038	994396
2039	991672
2040	988939
2041	986239
2042	983532
2043	980815
2044	978154
2045	975453
2046	972792
2047	970119
2048	967445
2049	964791
2050	962150
2051	959516
2052	956883
2053	954243
2054	951632
2055	949008
2056	946408
2057	943812
2058	941218
2059	938641
2060	936045
2061	933494
2062	930921
2063	928365
2064	925805
2065	923256
2066	920719
2067	918192
2068	915679
2069	913162
2070	910633
2071	908151
2072	905630
2073	903160
2074	900671
2075	898187
2076	895710
2077	893258
2078	890798
2079	888340
2080	885919
2081	883462
2082	881046
2083	878613
2084	876201
2085	873789
2086	871378
2087	868984
2088	866584
2089	864195
2090	861814
2091	859443
2092	857082
2093	854727
2094	852366
2095	850029
2096	847677
2097	845338
2098	843010
2099	840694
2100	838388
2101	836067
2102	833749
2103	831477
2104	829168
2105	826900
2106	824606
2107	822351
2108	820062
2109	817806
2110	815563
2111	813308
2112	811063
2113	808827
2114	806592
2115	804378
2116	802156
2117	799941
2118	797739
2119	795535
2120	793329
2121	791158
2122	788964
2123	786794
2124	784621
2125	782458
2126	780298
2127	778152
2128	775992
2129	773853
2130	771722
2131	769600
2132	767469
2133	765348
2134	763236
2135	761126
2136	759028
2137	756936
2138	754847
2139	752756
2140	750677
2141	748608
2142	746526
2143	744482
2144	742418
2145	740368
2146	738333
2147	736283
2148	734252
2149	732225
2150	730196
2151	728184
2152	726170
2153	724155
2154	722157
2155	720172
2156	718183
2157	716197
2158	714215
2159	712229
2160	710275
2161	708307
2162	706351
2163	704395
2164	702449
2165	700509
2166	698573
2167	696638
2168	694711
2169	692796
2170	690879
2171	688975
2172	687067
2173	685164
2174	683268
2175	681376
2176	679495
2177	677621
2178	675746
2179	673870
2180	672008
2181	670142
2182	668293
2183	666447
2184	664612
2185	662768
2186	660933
2187	659107
2188	657283
2189	655467
2190	653653
2191	651843
2192	650035
2193	648239
2194	646443
2195	644658
2196	642868
2197	641090
2198	639320
2199	637552
2200	635785
2201	634029
2202	632269
2203	630512
2204	628776
2205	627033
2206	625299
2207	623562
2208	621842
2209	620127
2210	618403
2211	616691
2212	614980
2213	613266
2214	611589
2215	609900
2216	608199
2217	606521
2218	604834
2219	603158
2220	601498
2221	599829
2222	598175
2223	596518
2224	594863
2225	593206
2226	591564
2227	589939
2228	588295
2229	586667
2230	585050
2231	583432
2232	581817
2233	580196
2234	578586
2235	576986
2236	575397
2237	573798
2238	572212
2239	570622
2240	569044
2241	567468
2242	565895
2243	564316
2244	562763
2245	561205
2246	559647
2247	558106
2248	556552
2249	555018
2250	553480
2251	551943
2252	550413
2253	548882
2254	547368
2255	545850
2256	544341
2257	542829
2258	541330
2259	539833
2260	538336
2261	536836
2262	535353
2263	533872
2264	532397
2265	530911
2266	529439
2267	527975
2268	526517
2269	525056
2270	523597
2271	522156
2272	520704
2273	519272
2274	517823
2275	516390
2276	514958
2277	513528
2278	512109
2279	510701
2280	509280
2281	507872
2282	506455
2283	505060
2284	503670
2285	502262
2286	500876
2287	499493
2288	498109
2289	496722
2290	495345
2291	493970
2292	492607
2293	491245
2294	489885
2295	488529
2296	487166
2297	485826
2298	484480
2299	483135
2300	481792
2301	480454
2302	479125
2303	477800
2304	476478
2305	475158
2306	473851
2307	472526
2308	471217
2309	469923
2310	468617
2311	467319
2312	466027
2313	464738
2314	463454
2315	462161
2316	460886
2317	459615
2318	458345
2319	457067
2320	455798
2321	454545
2322	453274
2323	452023
2324	450771
2325	449521
2326	448278
2327	447043
2328	445806
2329	444565
2330	443330
2331	442112
2332	440883
2333	439666
2334	438441
2335	437233
2336	436029
2337	434813
2338	433612
2339	432413
2340	431210
2341	430026
2342	428832
2343	427642
2344	426459
2345	425287
2346	424102
2347	422931
2348	421759
2349	420600
2350	419429
2351	418270
2352	417111
2353	415954
2354	414813
2355	413665
2356	412504
2357	411378
2358	410230
2359	409103
2360	407967
2361	406846
2362	405717
2363	404592
2364	403474
2365	402347
2366	401245
2367	400134
2368	399031
2369	397924
2370	396824
2371	395719
2372	394628
2373	393534
2374	392452
2375	391360
2376	390280
2377	389210
2378	388130
2379	387056
2380	385981
2381	384921
2382	383852
2383	382793
2384	381730
2385	380677
2386	379632
2387	378575
2388	377527
2389	376483
2390	375445
2391	374413
2392	373374
2393	372336
2394	371309
2395	370288
2396	369261
2397	368242
2398	367231
2399	366214
2400	365203
2401	364193
2402	363189
2403	362181
2404	361178
2405	360184
2406	359186
2407	358202
2408	357201
2409	356215
2410	355236
2411	354254
2412	353279
2413	352301
2414	351329
2415	350360
2416	349394
2417	348429
2418	347461
2419	346502
2420	345553
2421	344598
2422	343640
2423	342702
2424	341756
2425	340812
2426	339866
2427	338931
2428	337999
2429	337060
2430	336131
2431	335208
2432	334278
2433	333354
2434	332442
2435	331521
2436	330609
2437	329696
2438	328788
2439	327874
2440	326977
2441	326070
2442	325177
2443	324278
2444	323381
2445	322492
2446	321605
2447	320717
2448	319829
2449	318955
2450	318067
2451	317202
2452	316316
2453	315452
2454	314578
2455	313719
2456	312853
2457	311985
2458	311122
2459	310278
2460	309418
2461	308568
2462	307711
2463	306864
2464	306020
2465	305179
2466	304334
2467	303501
2468	302668
2469	301830
2470	301005
2471	300165
2472	299345
2473	298523
2474	297702
2475	296882
2476	296065
2477	295247
2478	294443
2479	293629
2480	292828
2481	292016
2482	291212
2483	290412
2484	289607
2485	288820
2486	288020
2487	287227
2488	286431
2489	285650
2490	284865
2491	284086
2492	283303
2493	282527
2494	281744
2495	280977
2496	280194
2497	279430
2498	278659
2499	277900
2500	277127
2501	276366
2502	275604
2503	274853
2504	274102
2505	273350
2506	272591
2507	271847
2508	271095
2509	270358
2510	269613
2511	268876
2512	268132
2513	267397
2514	266666
2515	265936
2516	265208
2517	264479
2518	263753
2519	263027
2520	262311
2521	261585
2522	260869
2523	260154
2524	259442
2525	258725
2526	258017
2527	257309
2528	256605
2529	255906
2530	255199
2531	254496
2532	253802
2533	253104
2534	252408
2535	251715
2536	251033
2537	250339
2538	249660
2539	248975
2540	248291
2541	247609
2542	246930
2543	246252
2544	245584
2545	244902
2546	244236
2547	243571
2548	242903
2549	242236
2550	241568
2551	240906
2552	240252
2553	239596
2554	238943
2555	238286
2556	237636
2557	236984
2558	236331
2559	235690
2560	235047
2561	234395
2562	233767
2563	233116
2564	232483
2565	231851
2566	231214
2567	230581
2568	229959
2569	229324
2570	228697
2571	228066
2572	227450
2573	226825
2574	226206
2575	225591
2576	224974
2577	224353
2578	223744
2579	223129
2580	222523
2581	221919
2582	221308
2583	220707
2584	220109
2585	219503
2586	218909
2587	218304
2588	217713
2589	217119
2590	216528
2591	215933
2592	215347
2593	214759
2594	214175
2595	213586
2596	212998
2597	212426
2598	211849
2599	211271
2600	210689
2601	210119
2602	209545
2603	208975
2604	208406
2605	207839
2606	207268
2607	206704
2608	206145
2609	205581
2610	205018
2611	204465
2612	203906
2613	203351
2614	202800
2615	202246
2616	201698
2617	201152
2618	200598
2619	200057
2620	199510
2621	198962
2622	198425
2623	197889
2624	197346
2625	196811
2626	196278
2627	195743
2628	195209
2629	194678
2630	194154
2631	193620
2632	193095
2633	192571
2634	192048
2635	191524
2636	191006
2637	190488
2638	189969
2639	189456
2640	188943
2641	188424
2642	187917
2643	187402
2644	186895
2645	186392
2646	185884
2647	185375
2648	184873
2649	184372
2650	183876
2651	183377
2652	182879
2653	182381
2654	181886
2655	181390
2656	180902
2657	180411
2658	179920
2659	179433
2660	178953
2661	178468
2662	177977
2663	177502
2664	177014
2665	176537
2666	176061
2667	175581
2668	175112
2669	174635
2670	174160
2671	173689
2672	173218
2673	172747
2674	172282
2675	171817
2676	171351
2677	170891
2678	170423
2679	169963
2680	169502
2681	169046
2682	168591
2683	168132
2684	167679
2685	167226
2686	166772
2687	166325
2688	165876
2689	165426
2690	164983
2691	164529
2692	164089
2693	163645
2694	163200
2695	162765
2696	162324
2697	161887
2698	161447
2699	161013
2700	160579
2701	160143
2702	159711
2703	159280
2704	158852
2705	158426
2706	157994
2707	157571
2708	157142
2709	156724
2710	156299
2711	155877
2712	155461
2713	155040
2714	154621
2715	154203
2716	153793
2717	153375
2718	152965
2719	152551
2720	152140
2721	151731
2722	151321
2723	150915
2724	150508
2725	150106
2726	149700
2727	149293
2728	148897
2729	148492
2730	148096
2731	147697
2732	147298
2733	146908
2734	146507
2735	146115
2736	145724
2737	145329
2738	144944
2739	144551
2740	144159
2741	143774
2742	143392
2743	143002
2744	142621
2745	142236
2746	141853
2747	141475
2748	141094
2749	140716
2750	140334
2751	139963
2752	139584
2753	139209
2754	138836
2755	138465
2756	138096
2757	137721
2758	137351
2759	136987
2760	136617
2761	136252
2762	135884
2763	135521
2764	135162
2765	134801
2766	134442
2767	134078
2768	133717
2769	133361
2770	133005
2771	132648
2772	132294
2773	131939
2774	131587
2775	131232
2776	130885
2777	130532
2778	130182
2779	129835
2780	129485
2781	129143
2782	128797
2783	128458
2784	128109
2785	127771
2786	127427
2787	127086
2788	126745
2789	126410
2790	126070
2791	125731
2792	125397
2793	125060
2794	124728
2795	124396
2796	124065
2797	123733
2798	123405
2799	123074
2800	122748
2801	122417
2802	122093
2803	121764
2804	121440
2805	121119
2806	120796
2807	120473
2808	120150
2809	119830
2810	119513
2811	119196
2812	118876
2813	118564
2814	118243
2815	117933
2816	117619
2817	117304
2818	116990
2819	116680
2820	116368
2821	116056
2822	115749
2823	115444
2824	115137
2825	114828
2826	114525
2827	114220
2828	113917
2829	113614
2830	113311
2831	113009
2832	112713
2833	112413
2834	112114
2835	111816
2836	111515
2837	111220
2838	110927
2839	110634
2840	110337
2841	110048
2842	109755
2843	109464
2844	109174
2845	108885
2846	108597
2847	108309
2848	108018
2849	107736
2850	107445
2851	107166
2852	106877
2853	106594
2854	106314
2855	106030
2856	105750
2857	105472
2858	105190
2859	104914
2860	104637
2861	104361
2862	104085
2863	103810
2864	103532
2865	103261
2866	102984
2867	102714
2868	102443
2869	102172
2870	101901
2871	101633
2872	101365
2873	101097
2874	100828
2875	100562
2876	100299
2877	100030
2878	99770
2879	99506
2880	99240
2881	98978
2882	98718
2883	98455
2884	98202
2885	97941
2886	97679
2887	97426
2888	97167
2889	96911
2890	96657
2891	96401
2892	96147
2893	95891
2894	95640
2895	95386
2896	95137
2897	94886
2898	94636
2899	94387
2900	94139
2901	93890
2902	93643
2903	93398
2904	93152
2905	92909
2906	92662
2907	92420
2908	92178
2909	91932
2910	91693
2911	91450
2912	91207
2913	90972
2914	90732
2915	90491
2916	90259
2917	90020
2918	89784
2919	89547
2920	89313
2921	89079
2922	88844
2923	88613
2924	88379
2925	88145
2926	87913
2927	87683
2928	87457
2929	87225
2930	86995
2931	86768
2932	86539
2933	86311
2934	86088
2935	85865
2936	85638
2937	85414
2938	85191
2939	84967
2940	84743
2941	84521
2942	84300
2943	84078
2944	83861
2945	83641
2946	83421
2947	83204
2948	82986
2949	82771
2950	82551
2951	82338
2952	82122
2953	81904
2954	81692
2955	81477
2956	81266
2957	81057
2958	80846
2959	80629
2960	80423
2961	80212
2962	80002
2963	79795
2964	79585
2965	79377
2966	79170
2967	78966
2968	78758
2969	78557
2970	78348
2971	78143
2972	77938
2973	77738
2974	77536
2975	77334
2976	77131
2977	76933
2978	76729
2979	76530
2980	76331
2981	76134
2982	75934
2983	75737
2984	75541
2985	75346
2986	75150
2987	74951
2988	74758
2989	74566
2990	74371
2991	74178
2992	73985
2993	73789
2994	73601
2995	73410
2996	73216
2997	73027
2998	72839
2999	72648
3000	72463
3001	72272
3002	72085
3003	71897
3004	71710
3005	71525
3006	71340
3007	71156
3008	70973
3009	70785
3010	70605
3011	70418
3012	70237
3013	70056
3014	69873
3015	69693
3016	69513
3017	69336
3018	69156
3019	68975
3020	68796
3021	68619
3022	68443
3023	68265
3024	68086
3025	67911
3026	67734
3027	67561
3028	67387
3029	67210
3030	67038
3031	66864
3032	66694
3033	66520
3034	66347
3035	66178
3036	66005
3037	65835
3038	65667
3039	65497
3040	65326
3041	65158
3042	64992
3043	64825
3044	64655
3045	64490
3046	64323
3047	64159
3048	63990
3049	63826
3050	63663
3051	63498
3052	63335
3053	63172
3054	63009
3055	62847
3056	62687
3057	62525
3058	62362
3059	62200
3060	62043
3061	61884
3062	61727
3063	61565
3064	61408
3065	61246
3066	61091
3067	60935
3068	60777
3069	60620
3070	60465
3071	60309
3072	60153
3073	60001
3074	59849
3075	59695
3076	59541
3077	59389
3078	59237
3079	59084
3080	58932
3081	58780
3082	58629
3083	58481
3084	58333
3085	58180
3086	58033
3087	57882
3088	57734
3089	57585
3090	57441
3091	57291
3092	57147
3093	56999
3094	56852
3095	56708
3096	56563
3097	56418
3098	56272
3099	56132
3100	55987
3101	55845
3102	55700
3103	55559
3104	55418
3105	55276
3106	55134
3107	54993
3108	54852
3109	54714
3110	54573
3111	54435
3112	54295
3113	54156
3114	54018
3115	53882
3116	53745
3117	53603
3118	53471
3119	53333
3120	53197
3121	53064
3122	52928
3123	52794
3124	52657
3125	52523
3126	52389
3127	52257
3128	52124
3129	51991
3130	51859
3131	51728
3132	51595
3133	51463
3134	51332
3135	51201
3136	51073
3137	50941
3138	50813
3139	50683
3140	50554
3141	50427
3142	50297
3143	50170
3144	50041
3145	49915
3146	49791
3147	49663
3148	49535
3149	49412
3150	49288
3151	49161
3152	49037
3153	48913
3154	48787
3155	48664
3156	48539
3157	48417
3158	48294
3159	48171
3160	48050
3161	47927
3162	47808
3163	47686
3164	47565
3165	47446
3166	47326
3167	47206
3168	47087
3169	46967
3170	46849
3171	46731
3172	46612
3173	46493
3174	46375
3175	46259
3176	46144
3177	46028
3178	45910
3179	45794
3180	45677
3181	45566
3182	45449
3183	45336
3184	45219
3185	45105
3186	44991
3187	44879
3188	44766
3189	44651
3190	44538
3191	44427
3192	44316
3193	44205
3194	44092
3195	43979
3196	43868
3197	43759
3198	43648
3199	43540
3200	43431
3201	43320
3202	43212
3203	43104
3204	42995
3205	42886
3206	42780
3207	42671
3208	42565
3209	42458
3210	42351
3211	42243
3212	42139
3213	42031
3214	41926
3215	41820
3216	41715
3217	41610
3218	41508
3219	41402
3220	41297
3221	41194
3222	41091
3223	40987
3224	40884
3225	40784
3226	40682
3227	40581
3228	40479
3229	40375
3230	40274
3231	40173
3232	40073
3233	39974
3234	39872
3235	39773
3236	39674
3237	39573
3238	39477
3239	39376
3240	39279
3241	39179
3242	39082
3243	38985
3244	38887
3245	38789
3246	38693
3247	38596
3248	38501
3249	38405
3250	38308
3251	38214
3252	38116
3253	38022
3254	37928
3255	37833
3256	37738
3257	37645
3258	37552
3259	37457
3260	37364
3261	37271
3262	37180
3263	37085
3264	36993
3265	36902
3266	36808
3267	36717
3268	36624
3269	36534
3270	36444
3271	36353
3272	36261
3273	36170
3274	36082
3275	35994
3276	35904
3277	35813
3278	35725
3279	35636
3280	35549
3281	35459
3282	35370
3283	35283
3284	35195
3285	35107
3286	35020
3287	34934
3288	34847
3289	34760
3290	34673
3291	34589
3292	34503
3293	34416
3294	34334
3295	34248
3296	34162
3297	34079
3298	33993
3299	33910
3300	33825
3301	33741
3302	33657
3303	33574
3304	33493
3305	33408
3306	33325
3307	33243
3308	33160
3309	33078
3310	32996
3311	32915
3312	32835
3313	32754
3314	32673
3315	32592
3316	32513
3317	32432
3318	32350
3319	32273
3320	32192
3321	32112
3322	32033
3323	31952
3324	31873
3325	31796
3326	31717
3327	31640
3328	31563
3329	31483
3330	31406
3331	31329
3332	31250
3333	31174
3334	31097
3335	31023
3336	30945
3337	30869
3338	30794
3339	30718
3340	30641
3341	30567
3342	30491
3343	30418
3344	30341
3345	30266
3346	30192
3347	30118
3348	30045
3349	29972
3350	29896
3351	29822
3352	29749
3353	29676
3354	29604
3355	29533
3356	29458
3357	29386
3358	29315
3359	29243
3360	29172
3361	29099
3362	29028
3363	28958
3364	28888
3365	28816
3366	28746
3367	28675
3368	28603
3369	28534
3370	28464
3371	28395
3372	28325
3373	28255
3374	28187
3375	28118
3376	28051
3377	27982
3378	27911
3379	27844
3380	27776
3381	27708
3382	27639
3383	27572
3384	27505
3385	27438
3386	27372
3387	27304
3388	27238
3389	27173
3390	27105
3391	27039
3392	26974
3393	26907
3394	26842
3395	26778
3396	26711
3397	26646
3398	26580
3399	26518
3400	26451
3401	26386
3402	26322
3403	26259
3404	26196
3405	26131
3406	26069
3407	26003
3408	25940
3409	25879
3410	25814
3411	25752
3412	25689
3413	25626
3414	25563
3415	25502
3416	25441
3417	25378
3418	25316
3419	25255
3420	25194
3421	25133
3422	25072
3423	25011
3424	24950
3425	24891
3426	24829
3427	24769
3428	24709
3429	24649
3430	24591
3431	24530
3432	24472
3433	24412
3434	24354
3435	24295
3436	24236
3437	24177
3438	24119
3439	24059
3440	24003
3441	23942
3442	23884
3443	23826
3444	23770
3445	23713
3446	23656
3447	23598
3448	23540
3449	23484
3450	23427
3451	23372
3452	23313
3453	23258
3454	23201
3455	23145
3456	23090
3457	23034
3458	22978
3459	22923
3460	22867
3461	22811
3462	22757
3463	22702
3464	22647
3465	22593
3466	22539
3467	22485
3468	22430
3469	22376
3470	22322
3471	22268
3472	22216
3473	22162
3474	22109
3475	22056
3476	22004
3477	21950
3478	21897
3479	21845
3480	21792
3481	21740
3482	21687
3483	21636
3484	21584
3485	21532
3486	21480
3487	21428
3488	21377
3489	21326
3490	21275
3491	21223
3492	21172
3493	21121
3494	21071
3495	21021
3496	20969
3497	20920
3498	20868
3499	20819
3500	20769
3501	20720
3502	20670
3503	20621
3504	20572
3505	20523
3506	20472
3507	20423
3508	20375
3509	20326
3510	20278
3511	20228
3512	20181
3513	20133
3514	20084
3515	20037
3516	19988
3517	19940
3518	19892
3519	19845
3520	19798
3521	19751
3522	19703
3523	19657
3524	19609
3525	19562
3526	19516
3527	19471
3528	19424
3529	19377
3530	19332
3531	19285
3532	19240
3533	19194
3534	19149
3535	19103
3536	19058
3537	19011
3538	18967
3539	18921
3540	18877
3541	18832
3542	18787
3543	18743
3544	18698
3545	18654
3546	18609
3547	18564
3548	18521
3549	18477
3550	18431
3551	18387
3552	18345
3553	18301
3554	18258
3555	18214
3556	18171
3557	18128
3558	18086
3559	18042
3560	18000
3561	17956
3562	17914
3563	17872
3564	17830
3565	17787
3566	17745
3567	17704
3568	17660
3569	17619
3570	17577
3571	17536
3572	17494
3573	17454
3574	17413
3575	17371
3576	17329
3577	17288
3578	17249
3579	17206
3580	17167
3581	17125
3582	17085
3583	17045
3584	17005
3585	16964
3586	16923
3587	16884
3588	16844
3589	16804
3590	16766
3591	16726
3592	16687
3593	16646
3594	16607
3595	16568
3596	16530
3597	16491
3598	16451
3599	16412
3600	16374
3601	16337
3602	16298
3603	16259
3604	16221
3605	16183
3606	16144
3607	16107
3608	16068
3609	16032
3610	15993
3611	15957
3612	15918
3613	15881
3614	15843
3615	15805
3616	15770
3617	15733
3618	15696
3619	15658
3620	15622
3621	15586
3622	15547
3623	15512
3624	15477
3625	15440
3626	15404
3627	15367
3628	15332
3629	15295
3630	15258
3631	15222
3632	15188
3633	15152
3634	15117
3635	15081
3636	15047
3637	15011
3638	14975
3639	14940
3640	14906
3641	14871
3642	14836
3643	14802
3644	14766
3645	14732
3646	14697
3647	14662
3648	14629
3649	14595
3650	14560
3651	14527
3652	14492
3653	14460
3654	14425
3655	14391
3656	14358
3657	14324
3658	14290
3659	14258
3660	14224
3661	14191
3662	14159
3663	14125
3664	14092
3665	14060
3666	14027
3667	13994
3668	13961
3669	13929
3670	13896
3671	13865
3672	13831
3673	13800
3674	13768
3675	13735
3676	13704
3677	13673
3678	13639
3679	13608
3680	13578
3681	13545
3682	13513
3683	13483
3684	13451
3685	13418
3686	13389
3687	13359
3688	13326
3689	13295
3690	13266
3691	13234
3692	13204
3693	13173
3694	13141
3695	13112
3696	13081
3697	13051
3698	13020
3699	12990
3700	12961
3701	12930
3702	12901
3703	12871
3704	12842
3705	12811
3706	12781
3707	12751
3708	12722
3709	12692
3710	12664
3711	12634
3712	12605
3713	12577
3714	12547
3715	12519
3716	12490
3717	12462
3718	12432
3719	12403
3720	12375
3721	12346
3722	12318
3723	12290
3724	12262
3725	12232
3726	12205
3727	12176
3728	12149
3729	12120
3730	12093
3731	12065
3732	12038
3733	12009
3734	11982
3735	11954
3736	11927
3737	11900
3738	11872
3739	11844
3740	11818
3741	11790
3742	11763
3743	11736
3744	11708
3745	11682
3746	11654
3747	11629
3748	11602
3749	11575
3750	11549
3751	11521
3752	11496
3753	11470
3754	11444
3755	11416
3756	11391
3757	11364
3758	11339
3759	11312
3760	11287
3761	11260
3762	11234
3763	11208
3764	11183
3765	11157
3766	11132
3767	11107
3768	11081
3769	11056
3770	11029
3771	11005
3772	10981
3773	10954
3774	10931
3775	10905
3776	10880
3777	10855
3778	10831
3779	10806
3780	10781
3781	10756
3782	10732
3783	10706
3784	10682
3785	10658
3786	10634
3787	10609
3788	10585
3789	10561
3790	10537
3791	10513
3792	10489
3793	10465
3794	10442
3795	10419
3796	10394
3797	10370
3798	10347
3799	10323
3800	10300
3801	10277
3802	10252
3803	10230
3804	10206
3805	10183
3806	10159
3807	10137
3808	10114
3809	10090
3810	10067
3811	10045
3812	10021
3813	10000
3814	9977
3815	9954
3816	9931
3817	9909
3818	9885
3819	9864
3820	9842
3821	9819
3822	9797
3823	9775
3824	9752
3825	9730
3826	9708
3827	9686
3828	9665
3829	9642
3830	9620
3831	9599
3832	9577
3833	9555
3834	9534
3835	9513
3836	9491
3837	9468
3838	9448
3839	9427
3840	9405
3841	9384
3842	9363
3843	9341
3844	9320
3845	9299
3846	9278
3847	9257
3848	9236
3849	9215
3850	9194
3851	9174
3852	9153
3853	9133
3854	9112
3855	9092
3856	9071
3857	9050
3858	9030
3859	9010
3860	8989
3861	8969
3862	8949
3863	8928
3864	8908
3865	8889
3866	8869
3867	8849
3868	8829
3869	8809
3870	8789
3871	8770
3872	8749
3873	8729
3874	8709
3875	8691
3876	8671
3877	8651
3878	8633
3879	8613
3880	8593
3881	8574
3882	8555
3883	8536
3884	8516
3885	8497
3886	8478
3887	8459
3888	8440
3889	8422
3890	8402
3891	8384
3892	8365
3893	8346
3894	8327
3895	8308
3896	8291
3897	8272
3898	8253
3899	8235
3900	8216
3901	8198
3902	8180
3903	8161
3904	8142
3905	8125
3906	8106
3907	8088
3908	8071
3909	8053
3910	8034
3911	8017
3912	7999
3913	7980
3914	7962
3915	7945
3916	7928
3917	7910
3918	7891
3919	7874
3920	7856
3921	7839
3922	7822
3923	7805
3924	7787
3925	7769
3926	7752
3927	7735
3928	7718
3929	7701
3930	7683
3931	7666
3932	7649
3933	7632
3934	7615
3935	7599
3936	7581
3937	7564
3938	7547
3939	7531
3940	7514
3941	7498
3942	7480
3943	7465
3944	7447
3945	7431
3946	7414
3947	7398
3948	7382
3949	7365
3950	7348
3951	7332
3952	7316
3953	7300
3954	7284
3955	7267
3956	7251
3957	7235
3958	7220
3959	7203
3960	7187
3961	7171
3962	7155
3963	7139
3964	7123
3965	7108
3966	7093
3967	7078
3968	7062
3969	7046
3970	7031
3971	7015
3972	6999
3973	6985
3974	6969
3975	6954
3976	6938
3977	6923
3978	6908
3979	6891
3980	6877
3981	6862
3982	6846
3983	6831
3984	6817
3985	6802
3986	6786
3987	6772
3988	6757
3989	6742
3990	6726
3991	6712
3992	6697
3993	6682
3994	6667
3995	6652
3996	6638
3997	6623
3998	6610
3999	6594
4000	6581
4001	6566
4002	6552
4003	6536
4004	6522
4005	6508
4006	6494
4007	6479
4008	6466
4009	6451
4010	6437
4011	6423
4012	6408
4013	6394
4014	6380
4015	6366
4016	6353
4017	6338
4018	6324
4019	6310
4020	6297
4021	6284
4022	6270
4023	6255
4024	6242
4025	6228
4026	6215
4027	6201
4028	6187
4029	6174
4030	6160
4031	6146
4032	6133
4033	6120
4034	6107
4035	6093
4036	6080
4037	6067
4038	6053
4039	6039
4040	6026
4041	6013
4042	6001
4043	5987
4044	5974
4045	5961
4046	5948
4047	5935
4048	5922
4049	5910
4050	5896
4051	5884
4052	5871
4053	5858
4054	5846
4055	5832
4056	5820
4057	5807
4058	5795
4059	5782
4060	5769
4061	5756
4062	5745
4063	5732
4064	5719
4065	5707
4066	5694
4067	5682
4068	5669
4069	5657
4070	5645
4071	5633
4072	5620
4073	5607
4074	5596
4075	5583
4076	5571
4077	5559
4078	5547
4079	5536
4080	5523
4081	5511
4082	5499
4083	5487
4084	5475
4085	5464
4086	5452
4087	5439
4088	5428
4089	5417
4090	5405
4091	5393
4092	5381
4093	5369
4094	5358
4095	5346
4096	5335
4097	5323
4098	5311
4099	5300
4100	5288
4101	5277
4102	5266
4103	5254
4104	5243
4105	5231
4106	5220
4107	5209
4108	5198
4109	5186
4110	5175
4111	5165
4112	5153
4113	5142
4114	5131
4115	5120
4116	5108
4117	5098
4118	5087
4119	5075
4120	5065
4121	5053
4122	5042
4123	5032
4124	5021
4125	5010
4126	5000
4127	4989
4128	4978
4129	4967
4130	4957
4131	4946
4132	4935
4133	4925
4134	4914
4135	4903
4136	4893
4137	4882
4138	4872
4139	4861
4140	4851
4141	4841
4142	4831
4143	4820
4144	4810
4145	4799
4146	4789
4147	4779
4148	4768
4149	4758
4150	4748
4151	4738
4152	4728
4153	4717
4154	4708
4155	4698
4156	4687
4157	4677
4158	4667
4159	4656
4160	4646
4161	4637
4162	4627
4163	4617
4164	4608
4165	4597
4166	4587
4167	4577
4168	4568
4169	4558
4170	4548
4171	4538
4172	4529
4173	4519
4174	4510
4175	4500
4176	4491
4177	4481
4178	4472
4179	4462
4180	4452
4181	4443
4182	4433
4183	4424
4184	4414
4185	4405
4186	4396
4187	4386
4188	4377
4189	4367
4190	4358
4191	4349
4192	4340
4193	4330
4194	4321
4195	4312
4196	4302
4197	4293
4198	4285
4199	4275
4200	4267
4201	4257
4202	4248
4203	4239
4204	4230
4205	4221
4206	4212
4207	4203
4208	4194
4209	4185
4210	4177
4211	4168
4212	4158
4213	4150
4214	4141
4215	4133
4216	4123
4217	4114
4218	4106
4219	4097
4220	4088
4221	4080
4222	4071
4223	4062
4224	4054
4225	4045
4226	4037
4227	4028
4228	4019
4229	4011
4230	4002
4231	3994
4232	3986
4233	3977
4234	3969
4235	3961
4236	3952
4237	3944
4238	3935
4239	3927
4240	3919
4241	3910
4242	3902
4243	3894
4244	3886
4245	3877
4246	3869
4247	3861
4248	3853
4249	3844
4250	3837
4251	3829
4252	3821
4253	3813
4254	3805
4255	3796
4256	3788
4257	3781
4258	3772
4259	3764
4260	3756
4261	3748
4262	3741
4263	3733
4264	3725
4265	3717
4266	3709
4267	3702
4268	3694
4269	3686
4270	3678
4271	3671
4272	3663
4273	3655
4274	3647
4275	3640
4276	3632
4277	3624
4278	3617
4279	3609
4280	3602
4281	3594
4282	3586
4283	3579
4284	3572
4285	3564
4286	3557
4287	3549
4288	3541
4289	3534
4290	3526
4291	3520
4292	3512
4293	3505
4294	3497
4295	3490
4296	3483
4297	3475
4298	3468
4299	3461
4300	3453
4301	3447
4302	3439
4303	3432
4304	3425
4305	3417
4306	3410
4307	3403
4308	3396
4309	3389
4310	3382
4311	3375
4312	3368
4313	3361
4314	3354
4315	3347
4316	3340
4317	3333
4318	3326
4319	3319
4320	3312
4321	3305
4322	3298
4323	3291
4324	3284
4325	3277
4326	3271
4327	3264
4328	3257
4329	3250
4330	3244
4331	3237
4332	3230
4333	3224
4334	3217
4335	3210
4336	3204
4337	3197
4338	3190
4339	3184
4340	3177
4341	3170
4342	3164
4343	3157
4344	3150
4345	3144
4346	3137
4347	3131
4348	3124
4349	3118
4350	3112
4351	3105
4352	3098
4353	3092
4354	3085
4355	3079
4356	3073
4357	3066
4358	3060
4359	3053
4360	3047
4361	3041
4362	3035
4363	3029
4364	3022
4365	3016
4366	3010
4367	3003
4368	2997
4369	2991
4370	2985
4371	2979
4372	2972
4373	2967
4374	2960
4375	2954
4376	2948
4377	2942
4378	2936
4379	2930
4380	2924
4381	2918
4382	2912
4383	2905
4384	2900
4385	2894
4386	2888
4387	2882
4388	2876
4389	2870
4390	2864
4391	2858
4392	2852
4393	2846
4394	2840
4395	2834
4396	2828
4397	2823
4398	2817
4399	2811
4400	2805
4401	2800
4402	2794
4403	2788
4404	2782
4405	2777
4406	2771
4407	2765
4408	2760
4409	2754
4410	2748
4411	2742
4412	2737
4413	2731
4414	2725
4415	2720
4416	2715
4417	2709
4418	2703
4419	2698
4420	2692
4421	2687
4422	2681
4423	2676
4424	2670
4425	2665
4426	2659
4427	2654
4428	2648
4429	2643
4430	2638
4431	2632
4432	2627
4433	2621
4434	2616
4435	2611
4436	2605
4437	2600
4438	2594
4439	2589
4440	2584
4441	2579
4442	2574
4443	2568
4444	2563
4445	2558
4446	2552
4447	2547
4448	2542
4449	2537
4450	2531
4451	2527
4452	2521
4453	2516
4454	2511
4455	2506
4456	2501
4457	2496
4458	2490
4459	2486
4460	2480
4461	2475
4462	2470
4463	2465
4464	2460
4465	2455
4466	2450
4467	2445
4468	2440
4469	2435
4470	2430
4471	2426
4472	2420
4473	2415
4474	2411
4475	2406
4476	2401
4477	2396
4478	2391
4479	2386
4480	2381
4481	2377
4482	2372
4483	2367
4484	2362
4485	2357
4486	2352
4487	2348
4488	2343
4489	2338
4490	2333
4491	2329
4492	2324
4493	2319
4494	2315
4495	2310
4496	2305
4497	2300
4498	2296
4499	2291
4500	2286
4501	2282
4502	2277
4503	2273
4504	2268
4505	2263
4506	2259
4507	2254
4508	2250
4509	2245
4510	2241
4511	2236
4512	2231
4513	2227
4514	2223
4515	2218
4516	2213
4517	2209
4518	2204
4519	2200
4520	2196
4521	2191
4522	2187
4523	2182
4524	2178
4525	2173
4526	2169
4527	2165
4528	2160
4529	2156
4530	2152
4531	2148
4532	2143
4533	2139
4534	2135
4535	2130
4536	2126
4537	2122
4538	2117
4539	2113
4540	2109
4541	2105
4542	2100
4543	2096
4544	2092
4545	2088
4546	2083
4547	2079
4548	2075
4549	2071
4550	2067
4551	2063
4552	2058
4553	2054
4554	2050
4555	2046
4556	2042
4557	2038
4558	2034
4559	2030
4560	2025
4561	2022
4562	2018
4563	2013
4564	2009
4565	2005
4566	2001
4567	1997
4568	1993
4569	1989
4570	1985
4571	1981
4572	1977
4573	1973
4574	1969
4575	1965
4576	1962
4577	1958
4578	1954
4579	1950
4580	1946
4581	1942
4582	1938
4583	1934
4584	1931
4585	1926
4586	1923
4587	1919
4588	1915
4589	1911
4590	1907
4591	1903
4592	1900
4593	1896
4594	1892
4595	1888
4596	1885
4597	1881
4598	1877
4599	1873
4600	1870
4601	1866
4602	1862
4603	1858
4604	1855
4605	1851
4606	1847
4607	1844
4608	1840
4609	1836
4610	1833
4611	1829
4612	1825
4613	1822
4614	1818
4615	1815
4616	1811
4617	1807
4618	1804
4619	1800
4620	1796
4621	1793
4622	1789
4623	1786
4624	1782
4625	1779
4626	1775
4627	1772
4628	1768
4629	1765
4630	1761
4631	1758
4632	1754
4633	1751
4634	1747
4635	1744
4636	1740
4637	1737
4638	1734
4639	1730
4640	1726
4641	1723
4642	1720
4643	1716
4644	1713
4645	1710
4646	1706
4647	1703
4648	1699
4649	1696
4650	1693
4651	1689
4652	1686
4653	1683
4654	1679
4655	1676
4656	1673
4657	1669
4658	1666
4659	1663
4660	1659
4661	1656
4662	1653
4663	1650
4664	1646
4665	1643
4666	1640
4667	1637
4668	1633
4669	1630
4670	1627
4671	1624
4672	1621
4673	1617
4674	1614
4675	1611
4676	1608
4677	1605
4678	1601
4679	1598
4680	1595
4681	1592
4682	1589
4683	1586
4684	1583
4685	1580
4686	1576
4687	1573
4688	1570
4689	1567
4690	1564
4691	1561
4692	1558
4693	1555
4694	1552
4695	1549
4696	1546
4697	1543
4698	1540
4699	1537
4700	1534
4701	1531
4702	1528
4703	1525
4704	1522
4705	1519
4706	1516
4707	1513
4708	1510
4709	1507
4710	1504
4711	1501
4712	1498
4713	1495
4714	1492
4715	1489
4716	1486
4717	1483
4718	1480
4719	1478
4720	1475
4721	1472
4722	1469
4723	1466
4724	1463
4725	1460
4726	1457
4727	1455
4728	1452
4729	1449
4730	1446
4731	1443
4732	1440
4733	1438
4734	1435
4735	1432
4736	1429
4737	1426
4738	1424
4739	1421
4740	1418
4741	1415
4742	1412
4743	1410
4744	1407
4745	1404
4746	1401
4747	1399
4748	1396
4749	1393
4750	1391
4751	1388
4752	1385
4753	1382
4754	1380
4755	1377
4756	1374
4757	1372
4758	1369
4759	1366
4760	1364
4761	1361
4762	1358
4763	1356
4764	1353
4765	1350
4766	1348
4767	1345
4768	1343
4769	1340
4770	1337
4771	1335
4772	1332
4773	1330
4774	1327
4775	1325
4776	1322
4777	1319
4778	1317
4779	1314
4780	1312
4781	1309
4782	1307
4783	1304
4784	1302
4785	1299
4786	1297
4787	1294
4788	1292
4789	1289
4790	1286
4791	1284
4792	1282
4793	1279
4794	1277
4795	1274
4796	1272
4797	1269
4798	1267
4799	1264
4800	1262
4801	1259
4802	1257
4803	1255
4804	1252
4805	1250
4806	1247
4807	1245
4808	1243
4809	1240
4810	1238
4811	1235
4812	1233
4813	1231
4814	1228
4815	1226
4816	1223
4817	1221
4818	1219
4819	1216
4820	1214
4821	1212
4822	1209
4823	1207
4824	1205
4825	1202
4826	1200
4827	1198
4828	1195
4829	1193
4830	1191
4831	1189
4832	1186
4833	1184
4834	1182
4835	1180
4836	1177
4837	1175
4838	1173
4839	1170
4840	1168
4841	1166
4842	1164
4843	1162
4844	1159
4845	1157
4846	1155
4847	1153
4848	1150
4849	1148
4850	1146
4851	1144
4852	1142
4853	1139
4854	1137
4855	1135
4856	1133
4857	1131
4858	1128
4859	1126
4860	1124
4861	1122
4862	1120
4863	1118
4864	1116
4865	1113
4866	1111
4867	1109
4868	1107
4869	1105
4870	1103
4871	1101
4872	1099
4873	1097
4874	1094
4875	1092
4876	1090
4877	1088
4878	1086
4879	1084
4880	1082
4881	1080
4882	1078
4883	1076
4884	1074
4885	1072
4886	1070
4887	1068
4888	1066
4889	1064
4890	1061
4891	1059
4892	1057
4893	1055
4894	1054
4895	1051
4896	1049
4897	1047
4898	1045
4899	1043
4900	1041
4901	1039
4902	1038
4903	1036
4904	1034
4905	1032
4906	1030
4907	1028
4908	1026
4909	1024
4910	1022
4911	1020
4912	1018
4913	1016
4914	1014
4915	1012
4916	1010
4917	1008
4918	1006
4919	1004
4920	1003
4921	1001
4922	999
4923	997
4924	995
4925	993
4926	991
4927	989
4928	987
4929	986
4930	984
4931	982
4932	980
4933	978
4934	976
4935	974
4936	973
4937	971
4938	969
4939	967
4940	965
4941	963
4942	962
4943	960
4944	958
4945	956
4946	954
4947	953
4948	951
4949	949
4950	947
4951	945
4952	944
4953	942
4954	940
4955	938
4956	936
4957	935
4958	933
4959	931
4960	929
4961	928
4962	926
4963	924
4964	922
4965	921
4966	919
4967	917
4968	915
4969	914
4970	912
4971	910
4972	909
4973	907
4974	905
4975	904
4976	902
4977	900
4978	898
4979	897
4980	895
4981	893
4982	892
4983	890
4984	888
4985	887
4986	885
4987	883
4988	882
4989	880
4990	878
4991	877
4992	875
4993	873
4994	872
4995	870
4996	869
4997	867
4998	865
4999	864
5000	862
5001	860
5002	859
5003	857
5004	856
5005	854
5006	852
5007	851
5008	849
5009	848
5010	846
5011	844
5012	843
5013	841
5014	840
5015	838
5016	837
5017	835
5018	833
5019	832
5020	830
5021	829
5022	827
5023	826
5024	824
5025	823
5026	821
5027	819
5028	818
5029	816
5030	815
5031	813
5032	812
5033	810
5034	809
5035	807
5036	806
5037	804
5038	803
5039	801
5040	800
5041	798
5042	797
5043	795
5044	794
5045	792
5046	791
5047	789
5048	788
5049	787
5050	785
5051	784
5052	782
5053	781
5054	779
5055	778
5056	776
5057	775
5058	773
5059	772
5060	771
5061	769
5062	768
5063	766
5064	765
5065	763
5066	762
5067	761
5068	759
5069	758
5070	756
5071	755
5072	754
5073	752
5074	751
5075	749
5076	748
5077	747
5078	745
5079	744
5080	743
5081	741
5082	740
5083	738
5084	737
5085	736
5086	734
5087	733
5088	732
5089	730
5090	729
5091	728
5092	726
5093	725
5094	723
5095	722
5096	721
5097	719
5098	718
5099	717
5100	716
5101	714
5102	713
5103	712
5104	710
5105	709
5106	708
5107	706
5108	705
5109	704
5110	702
5111	701
5112	700
5113	699
5114	697
5115	696
5116	695
5117	693
5118	692
5119	691
5120	690
5121	688
5122	687
5123	686
5124	685
5125	683
5126	682
5127	681
5128	679
5129	678
5130	677
5131	676
5132	674
5133	673
5134	672
5135	671
5136	670
5137	668
5138	667
5139	666
5140	665
5141	663
5142	662
5143	661
5144	660
5145	659
5146	657
5147	656
5148	655
5149	654
5150	653
5151	651
5152	650
5153	649
5154	648
5155	647
5156	645
5157	644
5158	643
5159	642
5160	641
5161	640
5162	638
5163	637
5164	636
5165	635
5166	634
5167	633
5168	631
5169	630
5170	629
5171	628
5172	627
5173	626
5174	624
5175	623
5176	622
5177	621
5178	620
5179	619
5180	618
5181	617
5182	615
5183	614
5184	613
5185	612
5186	611
5187	610
5188	609
5189	608
5190	606
5191	605
5192	604
5193	603
5194	602
5195	601
5196	600
5197	599
5198	598
5199	597
5200	596
5201	594
5202	593
5203	592
5204	591
5205	590
5206	589
5207	588
5208	587
5209	586
5210	585
5211	584
5212	583
5213	582
5214	581
5215	579
5216	578
5217	577
5218	576
5219	575
5220	574
5221	573
5222	572
5223	571
5224	570
5225	569
5226	568
5227	567
5228	566
5229	565
5230	564
5231	563
5232	562
5233	561
5234	560
5235	559
5236	558
5237	557
5238	556
5239	555
5240	554
5241	553
5242	552
5243	551
5244	550
5245	549
5246	548
5247	547
5248	546
5249	545
5250	544
5251	543
5252	542
5253	541
5254	540
5255	539
5256	538
5257	537
5258	536
5259	535
5260	534
5261	533
5262	532
5263	531
5264	530
5265	529
5266	528
5267	527
5268	526
5269	526
5270	525
5271	524
5272	523
5273	522
5274	521
5275	520
5276	519
5277	518
5278	517
5279	516
5280	515
5281	514
5282	513
5283	512
5284	511
5285	511
5286	510
5287	509
5288	508
5289	507
5290	506
5291	505
5292	504
5293	503
5294	502
5295	501
5296	501
5297	500
5298	499
5299	498
5300	497
5301	496
5302	495
5303	494
5304	493
5305	492
5306	492
5307	491
5308	490
5309	489
5310	488
5311	487
5312	486
5313	486
5314	485
5315	484
5316	483
5317	482
5318	481
5319	480
5320	479
5321	479
5322	478
5323	477
5324	476
5325	475
5326	474
5327	474
5328	473
5329	472
5330	471
5331	470
5332	469
5333	468
5334	468
5335	467
5336	466
5337	465
5338	464
5339	463
5340	463
5341	462
5342	461
5343	460
5344	459
5345	459
5346	458
5347	457
5348	456
5349	455
5350	454
5351	454
5352	453
5353	452
5354	451
5355	450
5356	450
5357	449
5358	448
5359	447
5360	446
5361	446
5362	445
5363	444
5364	443
5365	442
5366	442
5367	441
5368	440
5369	439
5370	439
5371	438
5372	437
5373	436
5374	435
5375	435
5376	434
5377	433
5378	432
5379	432
5380	431
5381	430
5382	429
5383	429
5384	428
5385	427
5386	426
5387	426
5388	425
5389	424
5390	423
5391	423
5392	422
5393	421
5394	420
5395	420
5396	419
5397	418
5398	417
5399	417
5400	416
5401	415
5402	414
5403	414
5404	413
5405	412
5406	411
5407	411
5408	410
5409	409
5410	409
5411	408
5412	407
5413	406
5414	406
5415	405
5416	404
5417	403
5418	403
5419	402
5420	401
5421	401
5422	400
5423	399
5424	399
5425	398
5426	397
5427	396
5428	396
5429	395
5430	394
5431	394
5432	393
5433	392
5434	392
5435	391
5436	390
5437	389
5438	389
5439	388
5440	387
5441	387
5442	386
5443	385
5444	385
5445	384
5446	383
5447	383
5448	382
5449	381
5450	381
5451	380
5452	379
5453	379
5454	378
5455	377
5456	377
5457	376
5458	375
5459	375
5460	374
5461	373
5462	373
5463	372
5464	371
5465	371
5466	370
5467	370
5468	369
5469	368
5470	368
5471	367
5472	366
5473	366
5474	365
5475	364
5476	364
5477	363
5478	362
5479	362
5480	361
5481	361
5482	360
5483	359
5484	359
5485	358
5486	357
5487	357
5488	356
5489	356
5490	355
5491	354
5492	354
5493	353
5494	352
5495	352
5496	351
5497	351
5498	350
5499	349
5500	349
5501	348
5502	348
5503	347
5504	346
5505	346
5506	345
5507	345
5508	344
5509	343
5510	343
5511	342
5512	342
5513	341
5514	340
5515	340
5516	339
5517	339
5518	338
5519	337
5520	337
5521	336
5522	336
5523	335
5524	335
5525	334
5526	333
5527	333
5528	332
5529	332
5530	331
5531	330
5532	330
5533	329
5534	329
5535	328
5536	328
5537	327
5538	326
5539	326
5540	325
5541	325
5542	324
5543	324
5544	323
5545	323
5546	322
5547	321
5548	321
5549	320
5550	320
5551	319
5552	319
5553	318
5554	318
5555	317
5556	316
5557	316
5558	315
5559	315
5560	314
5561	314
5562	313
5563	313
5564	312
5565	312
5566	311
5567	310
5568	310
5569	309
5570	309
5571	308
5572	308
5573	307
5574	307
5575	306
5576	306
5577	305
5578	305
5579	304
5580	304
5581	303
5582	303
5583	302
5584	301
5585	301
5586	300
5587	300
5588	299
5589	299
5590	298
5591	298
5592	297
5593	297
5594	296
5595	296
5596	295
5597	295
5598	294
5599	294
5600	293
5601	293
5602	292
5603	292
5604	291
5605	291
5606	290
5607	290
5608	289
5609	289
5610	288
5611	288
5612	287
5613	287
5614	286
5615	286
5616	285
5617	285
5618	284
5619	284
5620	283
5621	283
5622	282
5623	282
5624	281
5625	281
5626	280
5627	280
5628	279
5629	279
5630	279
5631	278
5632	278
5633	277
5634	277
5635	276
5636	276
5637	275
5638	275
5639	274
5640	274
5641	273
5642	273
5643	272
5644	272
5645	271
5646	271
5647	271
5648	270
5649	270
5650	269
5651	269
5652	268
5653	268
5654	267
5655	267
5656	266
5657	266
5658	265
5659	265
5660	265
5661	264
5662	264
5663	263
5664	263
5665	262
5666	262
5667	261
5668	261
5669	261
5670	260
5671	260
5672	259
5673	259
5674	258
5675	258
5676	257
5677	257
5678	257
5679	256
5680	256
5681	255
5682	255
5683	254
5684	254
5685	254
5686	253
5687	253
5688	252
5689	252
5690	251
5691	251
5692	251
5693	250
5694	250
5695	249
5696	249
5697	248
5698	248
5699	248
5700	247
5701	247
5702	246
5703	246
5704	246
5705	245
5706	245
5707	244
5708	244
5709	243
5710	243
5711	243
5712	242
5713	242
5714	241
5715	241
5716	241
5717	240
5718	240
5719	239
5720	239
5721	239
5722	238
5723	238
5724	237
5725	237
5726	237
5727	236
5728	236
5729	235
5730	235
5731	235
5732	234
5733	234
5734	233
5735	233
5736	233
5737	232
5738	232
5739	231
5740	231
5741	231
5742	230
5743	230
5744	229
5745	229
5746	229
5747	228
5748	228
5749	228
5750	227
5751	227
5752	226
5753	226
5754	226
5755	225
5756	225
5757	224
5758	224
5759	224
5760	223
5761	223
5762	223
5763	222
5764	222
5765	221
5766	221
5767	221
5768	220
5769	220
5770	220
5771	219
5772	219
5773	218
5774	218
5775	218
5776	217
5777	217
5778	217
5779	216
5780	216
5781	216
5782	215
5783	215
5784	214
5785	214
5786	214
5787	213
5788	213
5789	213
5790	212
5791	212
5792	212
5793	211
5794	211
5795	211
5796	210
5797	210
5798	209
5799	209
5800	209
5801	208
5802	208
5803	208
5804	207
5805	207
5806	207
5807	206
5808	206
5809	206
5810	205
5811	205
5812	205
5813	204
5814	204
5815	204
5816	203
5817	203
5818	203
5819	202
5820	202
5821	202
5822	201
5823	201
5824	201
5825	200
5826	200
5827	200
5828	199
5829	199
5830	199
5831	198
5832	198
5833	198
5834	197
5835	197
5836	197
5837	196
5838	196
5839	196
5840	195
5841	195
5842	195
5843	194
5844	194
5845	194
5846	193
5847	193
5848	193
5849	192
5850	192
5851	192
5852	191
5853	191
5854	191
5855	190
5856	190
5857	190
5858	190
5859	189
5860	189
5861	189
5862	188
5863	188
5864	188
5865	187
5866	187
5867	187
5868	186
5869	186
5870	186
5871	185
5872	185
5873	185
5874	185
5875	184
5876	184
5877	184
5878	183
5879	183
5880	183
5881	182
5882	182
5883	182
5884	182
5885	181
5886	181
5887	181
5888	180
5889	180
5890	180
5891	179
5892	179
5893	179
5894	179
5895	178
5896	178
5897	178
5898	177
5899	177
5900	177
5901	177
5902	176
5903	176
5904	176
5905	175
5906	175
5907	175
5908	174
5909	174
5910	174
5911	174
5912	173
5913	173
5914	173
5915	172
5916	172
5917	172
5918	172
5919	171
5920	171
5921	171
5922	170
5923	170
5924	170
5925	170
5926	169
5927	169
5928	169
5929	169
5930	168
5931	168
5932	168
5933	167
5934	167
5935	167
5936	167
5937	166
5938	166
5939	166
5940	166
5941	165
5942	165
5943	165
5944	164
5945	164
5946	164
5947	164
5948	163
5949	163
5950	163
5951	163
5952	162
5953	162
5954	162
5955	161
5956	161
5957	161
5958	161
5959	160
5960	160
5961	160
5962	160
5963	159
5964	159
5965	159
5966	159
5967	158
5968	158
5969	158
5970	158
5971	157
5972	157
5973	157
5974	157
5975	156
5976	156
5977	156
5978	156
5979	155
5980	155
5981	155
5982	154
5983	154
5984	154
5985	154
5986	153
5987	153
5988	153
5989	153
5990	152
5991	152
5992	152
5993	152
5994	151
5995	151
5996	151
5997	151
5998	150
5999	150
6000	150
6001	150
6002	150
6003	149
6004	149
6005	149
6006	149
6007	148
6008	148
6009	148
6010	148
6011	147
6012	147
6013	147
6014	147
6015	146
6016	146
6017	146
6018	146
6019	145
6020	145
6021	145
6022	145
6023	144
6024	144
6025	144
6026	144
6027	144
6028	143
6029	143
6030	143
6031	143
6032	142
6033	142
6034	142
6035	142
6036	141
6037	141
6038	141
6039	141
6040	141
6041	140
6042	140
6043	140
6044	140
6045	139
6046	139
6047	139
6048	139
6049	138
6050	138
6051	138
6052	138
6053	138
6054	137
6055	137
6056	137
6057	137
6058	136
6059	136
6060	136
6061	136
6062	136
6063	135
6064	135
6065	135
6066	135
6067	135
6068	134
6069	134
6070	134
6071	134
6072	133
6073	133
6074	133
6075	133
6076	133
6077	132
6078	132
6079	132
6080	132
6081	132
6082	131
6083	131
6084	131
6085	131
6086	130
6087	130
6088	130
6089	130
6090	130
6091	129
6092	129
6093	129
6094	129
6095	129
6096	128
6097	128
6098	128
6099	128
6100	128
6101	127
6102	127
6103	127
6104	127
6105	127
6106	126
6107	126
6108	126
6109	126
6110	125
6111	125
6112	125
6113	125
6114	125
6115	124
6116	124
6117	124
6118	124
6119	124
6120	123
6121	123
6122	123
6123	123
6124	123
6125	123
6126	122
6127	122
6128	122
6129	122
6130	122
6131	121
6132	121
6133	121
6134	121
6135	121
6136	120
6137	120
6138	120
6139	120
6140	120
6141	119
6142	119
6143	119
6144	119
6145	119
6146	118
6147	118
6148	118
6149	118
6150	118
6151	117
6152	117
6153	117
6154	117
6155	117
6156	117
6157	116
6158	116
6159	116
6160	116
6161	116
6162	115
6163	115
6164	115
6165	115
6166	115
6167	115
6168	114
6169	114
6170	114
6171	114
6172	114
6173	113
6174	113
6175	113
6176	113
6177	113
6178	113
6179	112
6180	112
6181	112
6182	112
6183	112
6184	111
6185	111
6186	111
6187	111
6188	111
6189	111
6190	110
6191	110
6192	110
6193	110
6194	110
6195	110
6196	109
6197	109
6198	109
6199	109
6200	109
6201	108
6202	108
6203	108
6204	108
6205	108
6206	108
6207	107
6208	107
6209	107
6210	107
6211	107
6212	107
6213	106
6214	106
6215	106
6216	106
6217	106
6218	106
6219	105
6220	105
6221	105
6222	105
6223	105
6224	105
6225	104
6226	104
6227	104
6228	104
6229	104
6230	104
6231	103
6232	103
6233	103
6234	103
6235	103
6236	103
6237	102
6238	102
6239	102
6240	102
6241	102
6242	102
6243	101
6244	101
6245	101
6246	101
6247	101
6248	101
6249	101
6250	100
6251	100
6252	100
6253	100
6254	100
6255	100
6256	99
6257	99
6258	99
6259	99
6260	99
6261	99
6262	98
6263	98
6264	98
6265	98
6266	98
6267	98
6268	98
6269	97
6270	97
6271	97
6272	97
6273	97
6274	97
6275	96
6276	96
6277	96
6278	96
6279	96
6280	96
6281	96
6282	95
6283	95
6284	95
6285	95
6286	95
6287	95
6288	95
6289	94
6290	94
6291	94
6292	94
6293	94
6294	94
6295	93
6296	93
6297	93
6298	93
6299	93
6300	93
6301	93
6302	92
6303	92
6304	92
6305	92
6306	92
6307	92
6308	92
6309	91
6310	91
6311	91
6312	91
6313	91
6314	91
6315	91
6316	90
6317	90
6318	90
6319	90
6320	90
6321	90
6322	90
6323	89
6324	89
6325	89
6326	89
6327	89
6328	89
6329	89
6330	88
6331	88
6332	88
6333	88
6334	88
6335	88
6336	88
6337	88
6338	87
6339	87
6340	87
6341	87
6342	87
6343	87
6344	87
6345	86
6346	86
6347	86
6348	86
6349	86
6350	86
6351	86
6352	85
6353	85
6354	85
6355	85
6356	85
6357	85
6358	85
6359	85
6360	84
6361	84
6362	84
6363	84
6364	84
6365	84
6366	84
6367	84
6368	83
6369	83
6370	83
6371	83
6372	83
6373	83
6374	83
6375	82
6376	82
6377	82
6378	82
6379	82
6380	82
6381	82
6382	82
6383	81
6384	81
6385	81
6386	81
6387	81
6388	81
6389	81
6390	81
6391	80
6392	80
6393	80
6394	80
6395	80
6396	80
6397	80
6398	80
6399	79
6400	79
6401	79
6402	79
6403	79
6404	79
6405	79
6406	79
6407	78
6408	78
6409	78
6410	78
6411	78
6412	78
6413	78
6414	78
6415	77
6416	77
6417	77
6418	77
6419	77
6420	77
6421	77
6422	77
6423	77
6424	76
6425	76
6426	76
6427	76
6428	76
6429	76
6430	76
6431	76
6432	75
6433	75
6434	75
6435	75
6436	75
6437	75
6438	75
6439	75
6440	75
6441	74
6442	74
6443	74
6444	74
6445	74
6446	74
6447	74
6448	74
6449	74
6450	73
6451	73
6452	73
6453	73
6454	73
6455	73
6456	73
6457	73
6458	73
6459	72
6460	72
6461	72
6462	72
6463	72
6464	72
6465	72
6466	72
6467	72
6468	71
6469	71
6470	71
6471	71
6472	71
6473	71
6474	71
6475	71
6476	71
6477	70
6478	70
6479	70
6480	70
6481	70
6482	70
6483	70
6484	70
6485	70
6486	69
6487	69
6488	69
6489	69
6490	69
6491	69
6492	69
6493	69
6494	69
6495	68
6496	68
6497	68
6498	68
6499	68
6500	68
6501	68
6502	68
6503	68
6504	68
6505	67
6506	67
6507	67
6508	67
6509	67
6510	67
6511	67
6512	67
6513	67
6514	67
6515	66
6516	66
6517	66
6518	66
6519	66
6520	66
6521	66
6522	66
6523	66
6524	66
6525	65
6526	65
6527	65
6528	65
6529	65
6530	65
6531	65
6532	65
6533	65
6534	65
6535	64
6536	64
6537	64
6538	64
6539	64
6540	64
6541	64
6542	64
6543	64
6544	64
6545	63
6546	63
6547	63
6548	63
6549	63
6550	63
6551	63
6552	63
6553	63
6554	63
6555	62
6556	62
6557	62
6558	62
6559	62
6560	62
6561	62
6562	62
6563	62
6564	62
6565	62
6566	61
6567	61
6568	61
6569	61
6570	61
6571	61
6572	61
6573	61
6574	61
6575	61
6576	61
6577	60
6578	60
6579	60
6580	60
6581	60
6582	60
6583	60
6584	60
6585	60
6586	60
6587	59
6588	59
6589	59
6590	59
6591	59
6592	59
6593	59
6594	59
6595	59
6596	59
6597	59
6598	59
6599	58
6600	58
6601	58
6602	58
6603	58
6604	58
6605	58
6606	58
6607	58
6608	58
6609	58
6610	57
6611	57
6612	57
6613	57
6614	57
6615	57
6616	57
6617	57
6618	57
6619	57
6620	57
6621	57
6622	56
6623	56
6624	56
6625	56
6626	56
6627	56
6628	56
6629	56
6630	56
6631	56
6632	56
6633	55
6634	55
6635	55
6636	55
6637	55
6638	55
6639	55
6640	55
6641	55
6642	55
6643	55
6644	55
6645	54
6646	54
6647	54
6648	54
6649	54
6650	54
6651	54
6652	54
6653	54
6654	54
6655	54
6656	54
6657	54
6658	53
6659	53
6660	53
6661	53
6662	53
6663	53
6664	53
6665	53
6666	53
6667	53
6668	53
6669	53
6670	52
6671	52
6672	52
6673	52
6674	52
6675	52
6676	52
6677	52
6678	52
6679	52
6680	52
6681	52
6682	52
6683	51
6684	51
6685	51
6686	51
6687	51
6688	51
6689	51
6690	51
6691	51
6692	51
6693	51
6694	51
6695	51
6696	50
6697	50
6698	50
6699	50
6700	50
6701	50
6702	50
6703	50
6704	50
6705	50
6706	50
6707	50
6708	50
6709	49
6710	49
6711	49
6712	49
6713	49
6714	49
6715	49
6716	49
6717	49
6718	49
6719	49
6720	49
6721	49
6722	49
6723	48
6724	48
6725	48
6726	48
6727	48
6728	48
6729	48
6730	48
6731	48
6732	48
6733	48
6734	48
6735	48
6736	48
6737	47
6738	47
6739	47
6740	47
6741	47
6742	47
6743	47
6744	47
6745	47
6746	47
6747	47
6748	47
6749	47
6750	47
6751	46
6752	46
6753	46
6754	46
6755	46
6756	46
6757	46
6758	46
6759	46
6760	46
6761	46
6762	46
6763	46
6764	46
6765	45
6766	45
6767	45
6768	45
6769	45
6770	45
6771	45
6772	45
6773	45
6774	45
6775	45
6776	45
6777	45
6778	45
6779	45
6780	44
6781	44
6782	44
6783	44
6784	44
6785	44
6786	44
6787	44
6788	44
6789	44
6790	44
6791	44
6792	44
6793	44
6794	44
6795	44
6796	43
6797	43
6798	43
6799	43
6800	43
6801	43
6802	43
6803	43
6804	43
6805	43
6806	43
6807	43
6808	43
6809	43
6810	43
6811	42
6812	42
6813	42
6814	42
6815	42
6816	42
6817	42
6818	42
6819	42
6820	42
6821	42
6822	42
6823	42
6824	42
6825	42
6826	42
6827	41
6828	41
6829	41
6830	41
6831	41
6832	41
6833	41
6834	41
6835	41
6836	41
6837	41
6838	41
6839	41
6840	41
6841	41
6842	41
6843	41
6844	40
6845	40
6846	40
6847	40
6848	40
6849	40
6850	40
6851	40
6852	40
6853	40
6854	40
6855	40
6856	40
6857	40
6858	40
6859	40
6860	40
6861	39
6862	39
6863	39
6864	39
6865	39
6866	39
6867	39
6868	39
6869	39
6870	39
6871	39
6872	39
6873	39
6874	39
6875	39
6876	39
6877	39
6878	38
6879	38
6880	38
6881	38
6882	38
6883	38
6884	38
6885	38
6886	38
6887	38
6888	38
6889	38
6890	38
6891	38
6892	38
6893	38
6894	38
6895	38
6896	37
6897	37
6898	37
6899	37
6900	37
6901	37
6902	37
6903	37
6904	37
6905	37
6906	37
6907	37
6908	37
6909	37
6910	37
6911	37
6912	37
6913	37
6914	36
6915	36
6916	36
6917	36
6918	36
6919	36
6920	36
6921	36
6922	36
6923	36
6924	36
6925	36
6926	36
6927	36
6928	36
6929	36
6930	36
6931	36
6932	36
6933	35
6934	35
6935	35
6936	35
6937	35
6938	35
6939	35
6940	35
6941	35
6942	35
6943	35
6944	35
6945	35
6946	35
6947	35
6948	35
6949	35
6950	35
6951	35
6952	35
6953	34
6954	34
6955	34
6956	34
6957	34
6958	34
6959	34
6960	34
6961	34
6962	34
6963	34
6964	34
6965	34
6966	34
6967	34
6968	34
6969	34
6970	34
6971	34
6972	34
6973	33
6974	33
6975	33
6976	33
6977	33
6978	33
6979	33
6980	33
6981	33
6982	33
6983	33
6984	33
6985	33
6986	33
6987	33
6988	33
6989	33
6990	33
6991	33
6992	33
6993	32
6994	32
6995	32
6996	32
6997	32
6998	32
6999	32
7000	32
7001	32
7002	32
7003	32
7004	32
7005	32
7006	32
7007	32
7008	32
7009	32
7010	32
7011	32
7012	32
7013	32
7014	32
7015	31
7016	31
7017	31
7018	31
7019	31
7020	31
7021	31
7022	31
7023	31
7024	31
7025	31
7026	31
7027	31
7028	31
7029	31
7030	31
7031	31
7032	31
7033	31
7034	31
7035	31
7036	31
7037	30
7038	30
7039	30
7040	30
7041	30
7042	30
7043	30
7044	30
7045	30
7046	30
7047	30
7048	30
7049	30
7050	30
7051	30
7052	30
7053	30
7054	30
7055	30
7056	30
7057	30
7058	30
7059	30
7060	29
7061	29
7062	29
7063	29
7064	29
7065	29
7066	29
7067	29
7068	29
7069	29
7070	29
7071	29
7072	29
7073	29
7074	29
7075	29
7076	29
7077	29
7078	29
7079	29
7080	29
7081	29
7082	29
7083	29
7084	28
7085	28
7086	28
7087	28
7088	28
7089	28
7090	28
7091	28
7092	28
7093	28
7094	28
7095	28
7096	28
7097	28
7098	28
7099	28
7100	28
7101	28
7102	28
7103	28
7104	28
7105	28
7106	28
7107	28
7108	28
7109	27
7110	27
7111	27
7112	27
7113	27
7114	27
7115	27
7116	27
7117	27
7118	27
7119	27
7120	27
7121	27
7122	27
7123	27
7124	27
7125	27
7126	27
7127	27
7128	27
7129	27
7130	27
7131	27
7132	27
7133	27
7134	26
7135	26
7136	26
7137	26
7138	26
7139	26
7140	26
7141	26
7142	26
7143	26
7144	26
7145	26
7146	26
7147	26
7148	26
7149	26
7150	26
7151	26
7152	26
7153	26
7154	26
7155	26
7156	26
7157	26
7158	26
7159	26
7160	26
7161	25
7162	25
7163	25
7164	25
7165	25
7166	25
7167	25
7168	25
7169	25
7170	25
7171	25
7172	25
7173	25
7174	25
7175	25
7176	25
7177	25
7178	25
7179	25
7180	25
7181	25
7182	25
7183	25
7184	25
7185	25
7186	25
7187	25
7188	25
7189	24
7190	24
7191	24
7192	24
7193	24
7194	24
7195	24
7196	24
7197	24
7198	24
7199	24
7200	24
7201	24
7202	24
7203	24
7204	24
7205	24
7206	24
7207	24
7208	24
7209	24
7210	24
7211	24
7212	24
7213	24
7214	24
7215	24
7216	24
7217	24
7218	23
7219	23
7220	23
7221	23
7222	23
7223	23
7224	23
7225	23
7226	23
7227	23
7228	23
7229	23
7230	23
7231	23
7232	23
7233	23
7234	23
7235	23
7236	23
7237	23
7238	23
7239	23
7240	23
7241	23
7242	23
7243	23
7244	23
7245	23
7246	23
7247	23
7248	22
7249	22
7250	22
7251	22
7252	22
7253	22
7254	22
7255	22
7256	22
7257	22
7258	22
7259	22
7260	22
7261	22
7262	22
7263	22
7264	22
7265	22
7266	22
7267	22
7268	22
7269	22
7270	22
7271	22
7272	22
7273	22
7274	22
7275	22
7276	22
7277	22
7278	22
7279	22
7280	21
7281	21
7282	21
7283	21
7284	21
7285	21
7286	21
7287	21
7288	21
7289	21
7290	21
7291	21
7292	21
7293	21
7294	21
7295	21
7296	21
7297	21
7298	21
7299	21
7300	21
7301	21
7302	21
7303	21
7304	21
7305	21
7306	21
7307	21
7308	21
7309	21
7310	21
7311	21
7312	21
7313	21
7314	20
7315	20
7316	20
7317	20
7318	20
7319	20
7320	20
7321	20
7322	20
7323	20
7324	20
7325	20
7326	20
7327	20
7328	20
7329	20
7330	20
7331	20
7332	20
7333	20
7334	20
7335	20
7336	20
7337	20
7338	20
7339	20
7340	20
7341	20
7342	20
7343	20
7344	20
7345	20
7346	20
7347	20
7348	20
7349	19
7350	19
7351	19
7352	19
7353	19
7354	19
7355	19
7356	19
7357	19
7358	19
7359	19
7360	19
7361	19
7362	19
7363	19
7364	19
7365	19
7366	19
7367	19
7368	19
7369	19
7370	19
7371	19
7372	19
7373	19
7374	19
7375	19
7376	19
7377	19
7378	19
7379	19
7380	19
7381	19
7382	19
7383	19
7384	19
7385	19
7386	18
7387	18
7388	18
7389	18
7390	18
7391	18
7392	18
7393	18
7394	18
7395	18
7396	18
7397	18
7398	18
7399	18
7400	18
7401	18
7402	18
7403	18
7404	18
7405	18
7406	18
7407	18
7408	18
7409	18
7410	18
7411	18
7412	18
7413	18
7414	18
7415	18
7416	18
7417	18
7418	18
7419	18
7420	18
7421	18
7422	18
7423	18
7424	18
7425	18
7426	17
7427	17
7428	17
7429	17
7430	17
7431	17
7432	17
7433	17
7434	17
7435	17
7436	17
7437	17
7438	17
7439	17
7440	17
7441	17
7442	17
7443	17
7444	17
7445	17
7446	17
7447	17
7448	17
7449	17
7450	17
7451	17
7452	17
7453	17
7454	17
7455	17
7456	17
7457	17
7458	17
7459	17
7460	17
7461	17
7462	17
7463	17
7464	17
7465	17
7466	17
7467	17
7468	16
7469	16
7470	16
7471	16
7472	16
7473	16
7474	16
7475	16
7476	16
7477	16
7478	16
7479	16
7480	16
7481	16
7482	16
7483	16
7484	16
7485	16
7486	16
7487	16
7488	16
7489	16
7490	16
7491	16
7492	16
7493	16
7494	16
7495	16
7496	16
7497	16
7498	16
7499	16
7500	16
7501	16
7502	16
7503	16
7504	16
7505	16
7506	16
7507	16
7508	16
7509	16
7510	16
7511	16
7512	15
7513	15
7514	15
7515	15
7516	15
7517	15
7518	15
7519	15
7520	15
7521	15
7522	15
7523	15
7524	15
7525	15
7526	15
7527	15
7528	15
7529	15
7530	15
7531	15
7532	15
7533	15
7534	15
7535	15
7536	15
7537	15
7538	15
7539	15
7540	15
7541	15
7542	15
7543	15
7544	15
7545	15
7546	15
7547	15
7548	15
7549	15
7550	15
7551	15
7552	15
7553	15
7554	15
7555	15
7556	15
7557	15
7558	15
7559	15
7560	14
7561	14
7562	14
7563	14
7564	14
7565	14
7566	14
7567	14
7568	14
7569	14
7570	14
7571	14
7572	14
7573	14
7574	14
7575	14
7576	14
7577	14
7578	14
7579	14
7580	14
7581	14
7582	14
7583	14
7584	14
7585	14
7586	14
7587	14
7588	14
7589	14
7590	14
7591	14
7592	14
7593	14
7594	14
7595	14
7596	14
7597	14
7598	14
7599	14
7600	14
7601	14
7602	14
7603	14
7604	14
7605	14
7606	14
7607	14
7608	14
7609	14
7610	14
7611	14
7612	13
7613	13
7614	13
7615	13
7616	13
7617	13
7618	13
7619	13
7620	13
7621	13
7622	13
7623	13
7624	13
7625	13
7626	13
7627	13
7628	13
7629	13
7630	13
7631	13
7632	13
7633	13
7634	13
7635	13
7636	13
7637	13
7638	13
7639	13
7640	13
7641	13
7642	13
7643	13
7644	13
7645	13
7646	13
7647	13
7648	13
7649	13
7650	13
7651	13
7652	13
7653	13
7654	13
7655	13
7656	13
7657	13
7658	13
7659	13
7660	13
7661	13
7662	13
7663	13
7664	13
7665	13
7666	13
7667	12
7668	12
7669	12
7670	12
7671	12
7672	12
7673	12
7674	12
7675	12
7676	12
7677	12
7678	12
7679	12
7680	12
7681	12
7682	12
7683	12
7684	12
7685	12
7686	12
7687	12
7688	12
7689	12
7690	12
7691	12
7692	12
7693	12
7694	12
7695	12
7696	12
7697	12
7698	12
7699	12
7700	12
7701	12
7702	12
7703	12
7704	12
7705	12
7706	12
7707	12
7708	12
7709	12
7710	12
7711	12
7712	12
7713	12
7714	12
7715	12
7716	12
7717	12
7718	12
7719	12
7720	12
7721	12
7722	12
7723	12
7724	12
7725	12
7726	12
7727	11
7728	11
7729	11
7730	11
7731	11
7732	11
7733	11
7734	11
7735	11
7736	11
7737	11
7738	11
7739	11
7740	11
7741	11
7742	11
7743	11
7744	11
7745	11
7746	11
7747	11
7748	11
7749	11
7750	11
7751	11
7752	11
7753	11
7754	11
7755	11
7756	11
7757	11
7758	11
7759	11
7760	11
7761	11
7762	11
7763	11
7764	11
7765	11
7766	11
7767	11
7768	11
7769	11
7770	11
7771	11
7772	11
7773	11
7774	11
7775	11
7776	11
7777	11
7778	11
7779	11
7780	11
7781	11
7782	11
7783	11
7784	11
7785	11
7786	11
7787	11
7788	11
7789	11
7790	11
7791	11
7792	11
7793	10
7794	10
7795	10
7796	10
7797	10
7798	10
7799	10
7800	10
7801	10
7802	10
7803	10
7804	10
7805	10
7806	10
7807	10
7808	10
7809	10
7810	10
7811	10
7812	10
7813	10
7814	10
7815	10
7816	10
7817	10
7818	10
7819	10
7820	10
7821	10
7822	10
7823	10
7824	10
7825	10
7826	10
7827	10
7828	10
7829	10
7830	10
7831	10
7832	10
7833	10
7834	10
7835	10
7836	10
7837	10
7838	10
7839	10
7840	10
7841	10
7842	10
7843	10
7844	10
7845	10
7846	10
7847	10
7848	10
7849	10
7850	10
7851	10
7852	10
7853	10
7854	10
7855	10
7856	10
7857	10
7858	10
7859	10
7860	10
7861	10
7862	10
7863	10
7864	10
7865	10
7866	9
7867	9
7868	9
7869	9
7870	9
7871	9
7872	9
7873	9
7874	9
7875	9
7876	9
7877	9
7878	9
7879	9
7880	9
7881	9
7882	9
7883	9
7884	9
7885	9
7886	9
7887	9
7888	9
7889	9
7890	9
7891	9
7892	9
7893	9
7894	9
7895	9
7896	9
7897	9
7898	9
7899	9
7900	9
7901	9
7902	9
7903	9
7904	9
7905	9
7906	9
7907	9
7908	9
7909	9
7910	9
7911	9
7912	9
7913	9
7914	9
7915	9
7916	9
7917	9
7918	9
7919	9
7920	9
7921	9
7922	9
7923	9
7924	9
7925	9
7926	9
7927	9
7928	9
7929	9
7930	9
7931	9
7932	9
7933	9
7934	9
7935	9
7936	9
7937	9
7938	9
7939	9
7940	9
7941	9
7942	9
7943	9
7944	9
7945	9
7946	9
7947	9
7948	8
7949	8
7950	8
7951	8
7952	8
7953	8
7954	8
7955	8
7956	8
7957	8
7958	8
7959	8
7960	8
7961	8
7962	8
7963	8
7964	8
7965	8
7966	8
7967	8
7968	8
7969	8
7970	8
7971	8
7972	8
7973	8
7974	8
7975	8
7976	8
7977	8
7978	8
7979	8
7980	8
7981	8
7982	8
7983	8
7984	8
7985	8
7986	8
7987	8
7988	8
7989	8
7990	8
7991	8
7992	8
7993	8
7994	8
7995	8
7996	8
7997	8
7998	8
7999	8
8000	8
8001	8
8002	8
8003	8
8004	8
8005	8
8006	8
8007	8
8008	8
8009	8
8010	8
8011	8
8012	8
8013	8
8014	8
8015	8
8016	8
8017	8
8018	8
8019	8
8020	8
8021	8
8022	8
8023	8
8024	8
8025	8
8026	8
8027	8
8028	8
8029	8
8030	8
8031	8
8032	8
8033	8
8034	8
8035	8
8036	8
8037	8
8038	8
8039	7
8040	7
8041	7
8042	7
8043	7
8044	7
8045	7
8046	7
8047	7
8048	7
8049	7
8050	7
8051	7
8052	7
8053	7
8054	7
8055	7
8056	7
8057	7
8058	7
8059	7
8060	7
8061	7
8062	7
8063	7
8064	7
8065	7
8066	7
8067	7
8068	7
8069	7
8070	7
8071	7
8072	7
8073	7
8074	7
8075	7
8076	7
8077	7
8078	7
8079	7
8080	7
8081	7
8082	7
8083	7
8084	7
8085	7
8086	7
8087	7
8088	7
8089	7
8090	7
8091	7
8092	7
8093	7
8094	7
8095	7
8096	7
8097	7
8098	7
8099	7
8100	7
8101	7
8102	7
8103	7
8104	7
8105	7
8106	7
8107	7
8108	7
8109	7
8110	7
8111	7
8112	7
8113	7
8114	7
8115	7
8116	7
8117	7
8118	7
8119	7
8120	7
8121	7
8122	7
8123	7
8124	7
8125	7
8126	7
8127	7
8128	7
8129	7
8130	7
8131	7
8132	7
8133	7
8134	7
8135	7
8136	7
8137	7
8138	7
8139	7
8140	7
8141	7
8142	7
8143	7
8144	6
8145	6
8146	6
8147	6
8148	6
8149	6
8150	6
8151	6
8152	6
8153	6
8154	6
8155	6
8156	6
8157	6
8158	6
8159	6
8160	6
8161	6
8162	6
8163	6
8164	6
8165	6
8166	6
8167	6
8168	6
8169	6
8170	6
8171	6
8172	6
8173	6
8174	6
8175	6
8176	6
8177	6
8178	6
8179	6
8180	6
8181	6
8182	6
8183	6
8184	6
8185	6
8186	6
8187	6
8188	6
8189	6
8190	6
8191	6
8192	6
8193	6
8194	6
8195	6
8196	6
8197	6
8198	6
8199	6
8200	6
8201	6
8202	6
8203	6
8204	6
8205	6
8206	6
8207	6
8208	6
8209	6
8210	6
8211	6
8212	6
8213	6
8214	6
8215	6
8216	6
8217	6
8218	6
8219	6
8220	6
8221	6
8222	6
8223	6
8224	6
8225	6
8226	6
8227	6
8228	6
8229	6
8230	6
8231	6
8232	6
8233	6
8234	6
8235	6
8236	6
8237	6
8238	6
8239	6
8240	6
8241	6
8242	6
8243	6
8244	6
8245	6
8246	6
8247	6
8248	6
8249	6
8250	6
8251	6
8252	6
8253	6
8254	6
8255	6
8256	6
8257	6
8258	6
8259	6
8260	6
8261	6
8262	6
8263	6
8264	6
8265	6
8266	6
8267	5
8268	5
8269	5
8270	5
8271	5
8272	5
8273	5
8274	5
8275	5
8276	5
8277	5
8278	5
8279	5
8280	5
8281	5
8282	5
8283	5
8284	5
8285	5
8286	5
8287	5
8288	5
8289	5
8290	5
8291	5
8292	5
8293	5
8294	5
8295	5
8296	5
8297	5
8298	5
8299	5
8300	5
8301	5
8302	5
8303	5
8304	5
8305	5
8306	5
8307	5
8308	5
8309	5
8310	5
8311	5
8312	5
8313	5
8314	5
8315	5
8316	5
8317	5
8318	5
8319	5
8320	5
8321	5
8322	5
8323	5
8324	5
8325	5
8326	5
8327	5
8328	5
8329	5
8330	5
8331	5
8332	5
8333	5
8334	5
8335	5
8336	5
8337	5
8338	5
8339	5
8340	5
8341	5
8342	5
8343	5
8344	5
8345	5
8346	5
8347	5
8348	5
8349	5
8350	5
8351	5
8352	5
8353	5
8354	5
8355	5
8356	5
8357	5
8358	5
8359	5
8360	5
8361	5
8362	5
8363	5
8364	5
8365	5
8366	5
8367	5
8368	5
8369	5
8370	5
8371	5
8372	5
8373	5
8374	5
8375	5
8376	5
8377	5
8378	5
8379	5
8380	5
8381	5
8382	5
8383	5
8384	5
8385	5
8386	5
8387	5
8388	5
8389	5
8390	5
8391	5
8392	5
8393	5
8394	5
8395	5
8396	5
8397	5
8398	5
8399	5
8400	5
8401	5
8402	5
8403	5
8404	5
8405	5
8406	5
8407	5
8408	5
8409	5
8410	5
8411	5
8412	5
8413	5
8414	4
8415	4
8416	4
8417	4
8418	4
8419	4
8420	4
8421	4
8422	4
8423	4
8424	4
8425	4
8426	4
8427	4
8428	4
8429	4
8430	4
8431	4
8432	4
8433	4
8434	4
8435	4
8436	4
8437	4
8438	4
8439	4
8440	4
8441	4
8442	4
8443	4
8444	4
8445	4
8446	4
8447	4
8448	4
8449	4
8450	4
8451	4
8452	4
8453	4
8454	4
8455	4
8456	4
8457	4
8458	4
8459	4
8460	4
8461	4
8462	4
8463	4
8464	4
8465	4
8466	4
8467	4
8468	4
8469	4
8470	4
8471	4
8472	4
8473	4
8474	4
8475	4
8476	4
8477	4
8478	4
8479	4
8480	4
8481	4
8482	4
8483	4
8484	4
8485	4
8486	4
8487	4
8488	4
8489	4
8490	4
8491	4
8492	4
8493	4
8494	4
8495	4
8496	4
8497	4
8498	4
8499	4
8500	4
8501	4
8502	4
8503	4
8504	4
8505	4
8506	4
8507	4
8508	4
8509	4
8510	4
8511	4
8512	4
8513	4
8514	4
8515	4
8516	4
8517	4
8518	4
8519	4
8520	4
8521	4
8522	4
8523	4
8524	4
8525	4
8526	4
8527	4
8528	4
8529	4
8530	4
8531	4
8532	4
8533	4
8534	4
8535	4
8536	4
8537	4
8538	4
8539	4
8540	4
8541	4
8542	4
8543	4
8544	4
8545	4
8546	4
8547	4
8548	4
8549	4
8550	4
8551	4
8552	4
8553	4
8554	4
8555	4
8556	4
8557	4
8558	4
8559	4
8560	4
8561	4
8562	4
8563	4
8564	4
8565	4
8566	4
8567	4
8568	4
8569	4
8570	4
8571	4
8572	4
8573	4
8574	4
8575	4
8576	4
8577	4
8578	4
8579	4
8580	4
8581	4
8582	4
8583	4
8584	4
8585	4
8586	4
8587	4
8588	4
8589	4
8590	4
8591	4
8592	4
8593	4
8594	4
8595	4
8596	3
8597	3
8598	3
8599	3
8600	3
8601	3
8602	3
8603	3
8604	3
8605	3
8606	3
8607	3
8608	3
8609	3
8610	3
8611	3
8612	3
8613	3
8614	3
8615	3
8616	3
8617	3
8618	3
8619	3
8620	3
8621	3
8622	3
8623	3
8624	3
8625	3
8626	3
8627	3
8628	3
8629	3
8630	3
8631	3
8632	3
8633	3
8634	3
8635	3
8636	3
8637	3
8638	3
8639	3
8640	3
8641	3
8642	3
8643	3
8644	3
8645	3
8646	3
8647	3
8648	3
8649	3
8650	3
8651	3
8652	3
8653	3
8654	3
8655	3
8656	3
8657	3
8658	3
8659	3
8660	3
8661	3
8662	3
8663	3
8664	3
8665	3
8666	3
8667	3
8668	3
8669	3
8670	3
8671	3
8672	3
8673	3
8674	3
8675	3
8676	3
8677	3
8678	3
8679	3
8680	3
8681	3
8682	3
8683	3
8684	3
8685	3
8686	3
8687	3
8688	3
8689	3
8690	3
8691	3
8692	3
8693	3
8694	3
8695	3
8696	3
8697	3
8698	3
8699	3
8700	3
8701	3
8702	3
8703	3
8704	3
8705	3
8706	3
8707	3
8708	3
8709	3
8710	3
8711	3
8712	3
8713	3
8714	3
8715	3
8716	3
8717	3
8718	3
8719	3
8720	3
8721	3
8722	3
8723	3
8724	3
8725	3
8726	3
8727	3
8728	3
8729	3
8730	3
8731	3
8732	3
8733	3
8734	3
8735	3
8736	3
8737	3
8738	3
8739	3
8740	3
8741	3
8742	3
8743	3
8744	3
8745	3
8746	3
8747	3
8748	3
8749	3
8750	3
8751	3
8752	3
8753	3
8754	3
8755	3
8756	3
8757	3
8758	3
8759	3
8760	3
8761	3
8762	3
8763	3
8764	3
8765	3
8766	3
8767	3
8768	3
8769	3
8770	3
8771	3
8772	3
8773	3
8774	3
8775	3
8776	3
8777	3
8778	3
8779	3
8780	3
8781	3
8782	3
8783	3
8784	3
8785	3
8786	3
8787	3
8788	3
8789	3
8790	3
8791	3
8792	3
8793	3
8794	3
8795	3
8796	3
8797	3
8798	3
8799	3
8800	3
8801	3
8802	3
8803	3
8804	3
8805	3
8806	3
8807	3
8808	3
8809	3
8810	3
8811	3
8812	3
8813	3
8814	3
8815	3
8816	3
8817	3
8818	3
8819	3
8820	3
8821	3
8822	3
8823	3
8824	3
8825	3
8826	3
8827	3
8828	3
8829	3
8830	3
8831	3
8832	3
8833	3
8834	3
8835	3
8836	3
8837	2
8838	2
8839	2
8840	2
8841	2
8842	2
8843	2
8844	2
8845	2
8846	2
8847	2
8848	2
8849	2
8850	2
8851	2
8852	2
8853	2
8854	2
8855	2
8856	2
8857	2
8858	2
8859	2
8860	2
8861	2
8862	2
8863	2
8864	2
8865	2
8866	2
8867	2
8868	2
8869	2
8870	2
8871	2
8872	2
8873	2
8874	2
8875	2
8876	2
8877	2
8878	2
8879	2
8880	2
8881	2
8882	2
8883	2
8884	2
8885	2
8886	2
8887	2
8888	2
8889	2
8890	2
8891	2
8892	2
8893	2
8894	2
8895	2
8896	2
8897	2
8898	2
8899	2
8900	2
8901	2
8902	2
8903	2
8904	2
8905	2
8906	2
8907	2
8908	2
8909	2
8910	2
8911	2
8912	2
8913	2
8914	2
8915	2
8916	2
8917	2
8918	2
8919	2
8920	2
8921	2
8922	2
8923	2
8924	2
8925	2
8926	2
8927	2
8928	2
8929	2
8930	2
8931	2
8932	2
8933	2
8934	2
8935	2
8936	2
8937	2
8938	2
8939	2
8940	2
8941	2
8942	2
8943	2
8944	2
8945	2
8946	2
8947	2
8948	2
8949	2
8950	2
8951	2
8952	2
8953	2
8954	2
8955	2
8956	2
8957	2
8958	2
8959	2
8960	2
8961	2
8962	2
8963	2
8964	2
8965	2
8966	2
8967	2
8968	2
8969	2
8970	2
8971	2
8972	2
8973	2
8974	2
8975	2
8976	2
8977	2
8978	2
8979	2
8980	2
8981	2
8982	2
8983	2
8984	2
8985	2
8986	2
8987	2
8988	2
8989	2
8990	2
8991	2
8992	2
8993	2
8994	2
8995	2
8996	2
8997	2
8998	2
8999	2
9000	2
9001	2
9002	2
9003	2
9004	2
9005	2
9006	2
9007	2
9008	2
9009	2
9010	2
9011	2
9012	2
9013	2
9014	2
9015	2
9016	2
9017	2
9018	2
9019	2
9020	2
9021	2
9022	2
9023	2
9024	2
9025	2
9026	2
9027	2
9028	2
9029	2
9030	2
9031	2
9032	2
9033	2
9034	2
9035	2
9036	2
9037	2
9038	2
9039	2
9040	2
9041	2
9042	2
9043	2
9044	2
9045	2
9046	2
9047	2
9048	2
9049	2
9050	2
9051	2
9052	2
9053	2
9054	2
9055	2
9056	2
9057	2
9058	2
9059	2
9060	2
9061	2
9062	2
9063	2
9064	2
9065	2
9066	2
9067	2
9068	2
9069	2
9070	2
9071	2
9072	2
9073	2
9074	2
9075	2
9076	2
9077	2
9078	2
9079	2
9080	2
9081	2
9082	2
9083	2
9084	2
9085	2
9086	2
9087	2
9088	2
9089	2
9090	2
9091	2
9092	2
9093	2
9094	2
9095	2
9096	2
9097	2
9098	2
9099	2
9100	2
9101	2
9102	2
9103	2
9104	2
9105	2
9106	2
9107	2
9108	2
9109	2
9110	2
9111	2
9112	2
9113	2
9114	2
9115	2
9116	2
9117	2
9118	2
9119	2
9120	2
9121	2
9122	2
9123	2
9124	2
9125	2
9126	2
9127	2
9128	2
9129	2
9130	2
9131	2
9132	2
9133	2
9134	2
9135	2
9136	2
9137	2
9138	2
9139	2
9140	2
9141	2
9142	2
9143	2
9144	2
9145	2
9146	2
9147	2
9148	2
9149	2
9150	2
9151	2
9152	2
9153	2
9154	2
9155	2
9156	2
9157	2
9158	2
9159	2
9160	2
9161	2
9162	2
9163	2
9164	2
9165	2
9166	2
9167	2
9168	2
9169	2
9170	2
9171	2
9172	2
9173	2
9174	2
9175	2
9176	2
9177	2
9178	2
9179	2
9180	2
9181	2
9182	2
9183	2
9184	2
9185	2
9186	1
9187	1
9188	1
9189	1
9190	1
9191	1
9192	1
9193	1
9194	1
9195	1
9196	1
9197	1
9198	1
9199	1
9200	1
9201	1
9202	1
9203	1
9204	1
9205	1
9206	1
9207	1
9208	1
9209	1
9210	1
9211	1
9212	1
9213	1
9214	1
9215	1
9216	1
9217	1
9218	1
9219	1
9220	1
9221	1
9222	1
9223	1
9224	1
9225	1
9226	1
9227	1
9228	1
9229	1
9230	1
9231	1
9232	1
9233	1
9234	1
9235	1
9236	1
9237	1
9238	1
9239	1
9240	1
9241	1
9242	1
9243	1
9244	1
9245	1
9246	1
9247	1
9248	1
9249	1
9250	1
9251	1
9252	1
9253	1
9254	1
9255	1
9256	1
9257	1
9258	1
9259	1
9260	1
9261	1
9262	1
9263	1
9264	1
9265	1
9266	1
9267	1
9268	1
9269	1
9270	1
9271	1
9272	1
9273	1
9274	1
9275	1
9276	1
9277	1
9278	1
9279	1
9280	1
9281	1
9282	1
9283	1
9284	1
9285	1
9286	1
9287	1
9288	1
9289	1
9290	1
9291	1
9292	1
9293	1
9294	1
9295	1
9296	1
9297	1
9298	1
9299	1
9300	1
9301	1
9302	1
9303	1
9304	1
9305	1
9306	1
9307	1
9308	1
9309	1
9310	1
9311	1
9312	1
9313	1
9314	1
9315	1
9316	1
9317	1
9318	1
9319	1
9320	1
9321	1
9322	1
9323	1
9324	1
9325	1
9326	1
9327	1
9328	1
9329	1
9330	1
9331	1
9332	1
9333	1
9334	1
9335	1
9336	1
9337	1
9338	1
9339	1
9340	1
9341	1
9342	1
9343	1
9344	1
9345	1
9346	1
9347	1
9348	1
9349	1
9350	1
9351	1
9352	1
9353	1
9354	1
9355	1
9356	1
9357	1
9358	1
9359	1
9360	1
9361	1
9362	1
9363	1
9364	1
9365	1
9366	1
9367	1
9368	1
9369	1
9370	1
9371	1
9372	1
9373	1
9374	1
9375	1
9376	1
9377	1
9378	1
9379	1
9380	1
9381	1
9382	1
9383	1
9384	1
9385	1
9386	1
9387	1
9388	1
9389	1
9390	1
9391	1
9392	1
9393	1
9394	1
9395	1
9396	1
9397	1
9398	1
9399	1
9400	1
9401	1
9402	1
9403	1
9404	1
9405	1
9406	1
9407	1
9408	1
9409	1
9410	1
9411	1
9412	1
9413	1
9414	1
9415	1
9416	1
9417	1
9418	1
9419	1
9420	1
9421	1
9422	1
9423	1
9424	1
9425	1
9426	1
9427	1
9428	1
9429	1
9430	1
9431	1
9432	1
9433	1
9434	1
9435	1
9436	1
9437	1
9438	1
9439	1
9440	1
9441	1
9442	1
9443	1
9444	1
9445	1
9446	1
9447	1
9448	1
9449	1
9450	1
9451	1
9452	1
9453	1
9454	1
9455	1
9456	1
9457	1
9458	1
9459	1
9460	1
9461	1
9462	1
9463	1
9464	1
9465	1
9466	1
9467	1
9468	1
9469	1
9470	1
9471	1
9472	1
9473	1
9474	1
9475	1
9476	1
9477	1
9478	1
9479	1
9480	1
9481	1
9482	1
9483	1
9484	1
9485	1
9486	1
9487	1
9488	1
9489	1
9490	1
9491	1
9492	1
9493	1
9494	1
9495	1
9496	1
9497	1
9498	1
9499	1
9500	1
9501	1
9502	1
9503	1
9504	1
9505	1
9506	1
9507	1
9508	1
9509	1
9510	1
9511	1
9512	1
9513	1
9514	1
9515	1
9516	1
9517	1
9518	1
9519	1
9520	1
9521	1
9522	1
9523	1
9524	1
9525	1
9526	1
9527	1
9528	1
9529	1
9530	1
9531	1
9532	1
9533	1
9534	1
9535	1
9536	1
9537	1
9538	1
9539	1
9540	1
9541	1
9542	1
9543	1
9544	1
9545	1
9546	1
9547	1
9548	1
9549	1
9550	1
9551	1
9552	1
9553	1
9554	1
9555	1
9556	1
9557	1
9558	1
9559	1
9560	1
9561	1
9562	1
9563	1
9564	1
9565	1
9566	1
9567	1
9568	1
9569	1
9570	1
9571	1
9572	1
9573	1
9574	1
9575	1
9576	1
9577	1
9578	1
9579	1
9580	1
9581	1
9582	1
9583	1
9584	1
9585	1
9586	1
9587	1
9588	1
9589	1
9590	1
9591	1
9592	1
9593	1
9594	1
9595	1
9596	1
9597	1
9598	1
9599	1
9600	1
9601	1
9602	1
9603	1
9604	1
9605	1
9606	1
9607	1
9608	1
9609	1
9610	1
9611	1
9612	1
9613	1
9614	1
9615	1
9616	1
9617	1
9618	1
9619	1
9620	1
9621	1
9622	1
9623	1
9624	1
9625	1
9626	1
9627	1
9628	1
9629	1
9630	1
9631	1
9632	1
9633	1
9634	1
9635	1
9636	1
9637	1
9638	1
9639	1
9640	1
9641	1
9642	1
9643	1
9644	1
9645	1
9646	1
9647	1
9648	1
9649	1
9650	1
9651	1
9652	1
9653	1
9654	1
9655	1
9656	1
9657	1
9658	1
9659	1
9660	1
9661	1
9662	1
9663	1
9664	1
9665	1
9666	1
9667	1
9668	1
9669	1
9670	1
9671	1
9672	1
9673	1
9674	1
9675	1
9676	1
9677	1
9678	1
9679	1
9680	1
9681	1
9682	1
9683	1
9684	1
9685	1
9686	1
9687	1
9688	1
9689	1
9690	1
9691	1
9692	1
9693	1
9694	1
9695	1
9696	1
9697	1
9698	1
9699	1
9700	1
9701	1
9702	1
9703	1
9704	1
9705	1
9706	1
9707	1
9708	1
9709	1
9710	1
9711	1
9712	1
9713	1
9714	1
9715	1
9716	1
9717	1
9718	1
9719	1
9720	1
9721	1
9722	1
9723	1
9724	1
9725	1
9726	1
9727	1
9728	1
9729	1
9730	1
9731	1
9732	1
9733	1
9734	1
9735	1
9736	1
9737	1
9738	1
9739	1
9740	1
9741	1
9742	1
9743	1
9744	1
9745	1
9746	1
9747	1
9748	1
9749	1
9750	1
9751	1
9752	1
9753	1
9754	1
9755	1
9756	1
9757	1
9758	1
9759	1
9760	1
9761	1
9762	1
9763	1
9764	1
9765	1
9766	1
9767	1
9768	1
9769	1
9770	1
9771	1
9772	1
9773	1
9774	1
9775	1
9776	1
9777	1
9778	1
9779	1
9780	1
9781	1
9782	1
9783	1
9784	1
9785	1
9786	1
9787	1
9788	1
9789	1
9790	1
9791	1
9792	1
9793	1
9794	1
9795	1
9796	1
9797	1
9798	1
9799	1
9800	1
9801	1
9802	1
9803	1
9804	1
9805	1
9806	1
9807	1
9808	1
9809	1
9810	1
