"CloneNumber"	"Frequency"
1	663946367
2	414966479
3	387302047
4	331973184
5	331973184
6	276644320
7	276644320
8	276644320
9	248979888
10	248979888
11	221315456
12	221315456
13	221315456
14	221315456
15	221315456
16	221315456
17	221315456
18	193651024
19	193651024
20	193651024
21	193651024
22	193651024
23	193651024
24	193651024
25	193651024
26	193651024
27	193651024
28	193651024
29	165986592
30	165986592
31	165986592
32	165986592
33	165986592
34	165986592
35	165986592
36	138322160
37	138322160
38	138322160
39	138322160
40	138322160
41	138322160
42	138322160
43	138322160
44	138322160
45	138322160
46	138322160
47	138322160
48	138322160
49	138322160
50	138322160
51	110657728
52	110657728
53	110657728
54	110657728
55	110657728
56	110657728
57	110657728
58	110657728
59	110657728
60	110657728
61	110657728
62	110657728
63	110657728
64	110657728
65	110657728
66	110657728
67	110657728
68	110657728
69	110657728
70	110657728
71	110657728
72	110657728
73	110657728
74	110657728
75	110657728
76	110657728
77	82993296
78	82993296
79	82993296
80	82993296
81	82993296
82	82993296
83	82993296
84	82993296
85	82993296
86	82993296
87	82993296
88	82993296
89	82993296
90	82993296
91	82993296
92	82993296
93	82993296
94	82993296
95	82993296
96	82993296
97	82993296
98	82993296
99	82993296
100	82993296
101	82993296
102	82993296
103	82993296
104	82993296
105	82993296
106	82993296
107	82993296
108	82993296
109	82993296
110	82993296
111	82993296
112	82993296
113	82993296
114	82993296
115	82993296
116	82993296
117	82993296
118	82993296
119	82993296
120	82993296
121	82993296
122	82993296
123	82993296
124	82993296
125	82993296
126	82993296
127	82993296
128	82993296
129	82993296
130	82993296
131	82993296
132	82993296
133	82993296
134	82993296
135	82993296
136	82993296
137	82993296
138	82993296
139	82993296
140	82993296
141	82993296
142	82993296
143	82993296
144	82993296
145	55328864
146	55328864
147	55328864
148	55328864
149	55328864
150	55328864
151	55328864
152	55328864
153	55328864
154	55328864
155	55328864
156	55328864
157	55328864
158	55328864
159	55328864
160	55328864
161	55328864
162	55328864
163	55328864
164	55328864
165	55328864
166	55328864
167	55328864
168	55328864
169	55328864
170	55328864
171	55328864
172	55328864
173	55328864
174	55328864
175	55328864
176	55328864
177	55328864
178	55328864
179	55328864
180	55328864
181	55328864
182	55328864
183	55328864
184	55328864
185	55328864
186	55328864
187	55328864
188	55328864
189	55328864
190	55328864
191	55328864
192	55328864
193	55328864
194	55328864
195	55328864
196	55328864
197	55328864
198	55328864
199	55328864
200	55328864
201	55328864
202	55328864
203	55328864
204	55328864
205	55328864
206	55328864
207	55328864
208	55328864
209	55328864
210	55328864
211	55328864
212	55328864
213	55328864
214	55328864
215	55328864
216	55328864
217	55328864
218	55328864
219	55328864
220	55328864
221	55328864
222	55328864
223	55328864
224	55328864
225	55328864
226	55328864
227	55328864
228	55328864
229	55328864
230	55328864
231	55328864
232	55328864
233	55328864
234	55328864
235	55328864
236	55328864
237	55328864
238	55328864
239	55328864
240	55328864
241	55328864
242	55328864
243	55328864
244	55328864
245	55328864
246	55328864
247	55328864
248	55328864
249	55328864
250	55328864
251	55328864
252	55328864
253	55328864
254	55328864
255	55328864
256	55328864
257	55328864
258	55328864
259	55328864
260	55328864
261	55328864
262	55328864
263	55328864
264	55328864
265	55328864
266	55328864
267	55328864
268	55328864
269	55328864
270	55328864
271	55328864
272	55328864
273	55328864
274	55328864
275	55328864
276	55328864
277	55328864
278	55328864
279	55328864
280	55328864
281	55328864
282	55328864
283	55328864
284	55328864
285	55328864
286	55328864
287	55328864
288	55328864
289	55328864
290	55328864
291	27664432
292	27664432
293	27664432
294	27664432
295	27664432
296	27664432
297	27664432
298	27664432
299	27664432
300	27664432
301	27664432
302	27664432
303	27664432
304	27664432
305	27664432
306	27664432
307	27664432
308	27664432
309	27664432
310	27664432
311	27664432
312	27664432
313	27664432
314	27664432
315	27664432
316	27664432
317	27664432
318	27664432
319	27664432
320	27664432
321	27664432
322	27664432
323	27664432
324	27664432
325	27664432
326	27664432
327	27664432
328	27664432
329	27664432
330	27664432
331	27664432
332	27664432
333	27664432
334	27664432
335	27664432
336	27664432
337	27664432
338	27664432
339	27664432
340	27664432
341	27664432
342	27664432
343	27664432
344	27664432
345	27664432
346	27664432
347	27664432
348	27664432
349	27664432
350	27664432
351	27664432
352	27664432
353	27664432
354	27664432
355	27664432
356	27664432
357	27664432
358	27664432
359	27664432
360	27664432
361	27664432
362	27664432
363	27664432
364	27664432
365	27664432
366	27664432
367	27664432
368	27664432
369	27664432
370	27664432
371	27664432
372	27664432
373	27664432
374	27664432
375	27664432
376	27664432
377	27664432
378	27664432
379	27664432
380	27664432
381	27664432
382	27664432
383	27664432
384	27664432
385	27664432
386	27664432
387	27664432
388	27664432
389	27664432
390	27664432
391	27664432
392	27664432
393	27664432
394	27664432
395	27664432
396	27664432
397	27664432
398	27664432
399	27664432
400	27664432
401	27664432
402	27664432
403	27664432
404	27664432
405	27664432
406	27664432
407	27664432
408	27664432
409	27664432
410	27664432
411	27664432
412	27664432
413	27664432
414	27664432
415	27664432
416	27664432
417	27664432
418	27664432
419	27664432
420	27664432
421	27664432
422	27664432
423	27664432
424	27664432
425	27664432
426	27664432
427	27664432
428	27664432
429	27664432
430	27664432
431	27664432
432	27664432
433	27664432
434	27664432
435	27664432
436	27664432
437	27664432
438	27664432
439	27664432
440	27664432
441	27664432
442	27664432
443	27664432
444	27664432
445	27664432
446	27664432
447	27664432
448	27664432
449	27664432
450	27664432
451	27664432
452	27664432
453	27664432
454	27664432
455	27664432
456	27664432
457	27664432
458	27664432
459	27664432
460	27664432
461	27664432
462	27664432
463	27664432
464	27664432
465	27664432
466	27664432
467	27664432
468	27664432
469	27664432
470	27664432
471	27664432
472	27664432
473	27664432
474	27664432
475	27664432
476	27664432
477	27664432
478	27664432
479	27664432
480	27664432
481	27664432
482	27664432
483	27664432
484	27664432
485	27664432
486	27664432
487	27664432
488	27664432
489	27664432
490	27664432
491	27664432
492	27664432
493	27664432
494	27664432
495	27664432
496	27664432
497	27664432
498	27664432
499	27664432
500	27664432
501	27664432
502	27664432
503	27664432
504	27664432
505	27664432
506	27664432
507	27664432
508	27664432
509	27664432
510	27664432
511	27664432
512	27664432
513	27664432
514	27664432
515	27664432
516	27664432
517	27664432
518	27664432
519	27664432
520	27664432
521	27664432
522	27664432
523	27664432
524	27664432
525	27664432
526	27664432
527	27664432
528	27664432
529	27664432
530	27664432
531	27664432
532	27664432
533	27664432
534	27664432
535	27664432
536	27664432
537	27664432
538	27664432
539	27664432
540	27664432
541	27664432
542	27664432
543	27664432
544	27664432
545	27664432
546	27664432
547	27664432
548	27664432
549	27664432
550	27664432
551	27664432
552	27664432
553	27664432
554	27664432
555	27664432
556	27664432
557	27664432
558	27664432
559	27664432
560	27664432
561	27664432
562	27664432
563	27664432
564	27664432
565	27664432
566	27664432
567	27664432
568	27664432
569	27664432
570	27664432
571	27664432
572	27664432
573	27664432
574	27664432
575	27664432
576	27664432
577	27664432
578	27664432
579	27664432
580	27664432
581	27664432
582	27664432
583	27664432
584	27664432
585	27664432
586	27664432
587	27664432
588	27664432
589	27664432
590	27664432
591	27664432
592	27664432
593	27664432
594	27664432
595	27664432
596	27664432
597	27664432
598	27664432
599	27664432
600	27664432
601	27664432
602	27664432
603	27664432
604	27664432
605	27664432
606	27664432
607	27664432
608	27664432
609	27664432
610	27664432
611	27664432
612	27664432
613	27664432
614	27664432
615	27664432
616	27664432
617	27664432
618	27664432
619	27664432
620	27664432
621	27664432
622	27664432
623	27664432
624	27664432
625	27664432
626	27664432
627	27664432
628	27664432
629	27664432
630	27664432
631	27664432
632	27664432
633	27664432
634	27664432
635	27664432
636	27664432
637	27664432
638	27664432
639	27664432
640	27685324
641	27643570
642	27581213
643	27519189
644	27478045
645	27416575
646	27355413
647	27294594
648	27254208
649	27193879
650	27133963
651	27074222
652	27034632
653	26975473
654	26916575
655	26858066
656	26799817
657	26741845
658	26703355
659	26645919
660	26588704
661	26531792
662	26475223
663	26418867
664	26362842
665	26325591
666	26270019
667	26214712
668	26159694
669	26104908
670	26050438
671	25996178
672	25942216
673	25888528
674	25835072
675	25781901
676	25728913
677	25676220
678	25623796
679	25571608
680	25519662
681	25467980
682	25416569
683	25365324
684	25314367
685	25263600
686	25213142
687	25162914
688	25112850
689	25063023
690	25013492
691	24947777
692	24898724
693	24849902
694	24801257
695	24752923
696	24704788
697	24656779
698	24593188
699	24545792
700	24498513
701	24451520
702	24404707
703	24342615
704	24296258
705	24250114
706	24204171
707	24158465
708	24097817
709	24052552
710	24007492
711	23947694
712	23903041
713	23858669
714	23799683
715	23755707
716	23711897
717	23653776
718	23610378
719	23567185
720	23509927
721	23467146
722	23424567
723	23368030
724	23325864
725	23269863
726	23228099
727	23186487
728	23131314
729	23090057
730	23035420
731	22994585
732	22940407
733	22899961
734	22846331
735	22806287
736	22753140
737	22713434
738	22660748
739	22621379
740	22569250
741	22517325
742	22478566
743	22427137
744	22388747
745	22337790
746	22287054
747	22249214
748	22198929
749	22148932
750	22111606
751	22062069
752	22012745
753	21975957
754	21927082
755	21878473
756	21842143
757	21793995
758	21746038
759	21698293
760	21662686
761	21615371
762	21568297
763	21521461
764	21474882
765	21440107
766	21393886
767	21347863
768	21302110
769	21256540
770	21211232
771	21177371
772	21132431
773	21087727
774	21043220
775	20998910
776	20954817
777	20910951
778	20867273
779	20823782
780	20780508
781	20737475
782	20694564
783	20651914
784	20609416
785	20567153
786	20525111
787	20483200
788	20441465
789	20400062
790	20358705
791	20317564
792	20276602
793	20225673
794	20185133
795	20144804
796	20104650
797	20064642
798	20024856
799	19975315
800	19935898
801	19896690
802	19857590
803	19818703
804	19770306
805	19731783
806	19693427
807	19655241
808	19607714
809	19569951
810	19532307
811	19485421
812	19448125
813	19411022
814	19364791
815	19328033
816	19282294
817	19245899
818	19209556
819	19164413
820	19128498
821	19083809
822	19048156
823	19003887
824	18968574
825	18924721
826	18889784
827	18846297
828	18811643
829	18768583
830	18734238
831	18691555
832	18657568
833	18615261
834	18573169
835	18539634
836	18497941
837	18464688
838	18423338
839	18382199
840	18349425
841	18308629
842	18268087
843	18227703
844	18195545
845	18155501
846	18115703
847	18076065
848	18044459
849	18005198
850	17966099
851	17927160
852	17888405
853	17857569
854	17819175
855	17780906
856	17742877
857	17705032
858	17667325
859	17629804
860	17592541
861	17555335
862	17518347
863	17481520
864	17444848
865	17408360
866	17372112
867	17335901
868	17299968
869	17264129
870	17228514
871	17192976
872	17157652
873	17122509
874	17087489
875	17045652
876	17010997
877	16976464
878	16942126
879	16907873
880	16873826
881	16833141
882	16799436
883	16765814
884	16732425
885	16692428
886	16659363
887	16626344
888	16586972
889	16554332
890	16521807
891	16482947
892	16450717
893	16412236
894	16380308
895	16348570
896	16310593
897	16279061
898	16241470
899	16210258
900	16173030
901	16142091
902	16105172
903	16074537
904	16037966
905	16001532
906	15971342
907	15935257
908	15905336
909	15869591
910	15834014
911	15804477
912	15769213
913	15734080
914	15705005
915	15670242
916	15635622
917	15601137
918	15572560
919	15538416
920	15504449
921	15470597
922	15436938
923	15403422
924	15375634
925	15342418
926	15309339
927	15276410
928	15243653
929	15211053
930	15178609
931	15146301
932	15114127
933	15082144
934	15050254
935	15018548
936	14986964
937	14955534
938	14924238
939	14893076
940	14856943
941	14826124
942	14795384
943	14764833
944	14734387
945	14699040
946	14668911
947	14638898
948	14609043
949	14574361
950	14544739
951	14515310
952	14485983
953	14451916
954	14422815
955	14389137
956	14360298
957	14331626
958	14298368
959	14269939
960	14236960
961	14208836
962	14176162
963	14148286
964	14115914
965	14088291
966	14056201
967	14024277
968	13997030
969	13965401
970	13938403
971	13907063
972	13875824
973	13844833
974	13818325
975	13787529
976	13756898
977	13726439
978	13700399
979	13670197
980	13640130
981	13610198
982	13580406
983	13550725
984	13525447
985	13496047
986	13466786
987	13437654
988	13408693
989	13379839
990	13351092
991	13322524
992	13294075
993	13265739
994	13233517
995	13205462
996	13177544
997	13149745
998	13122064
999	13094483
1000	13063185
1001	13035875
1002	13008741
1003	12981672
1004	12950893
1005	12924133
1006	12897472
1007	12867109
1008	12840701
1009	12814386
1010	12784494
1011	12758402
1012	12728783
1013	12702948
1014	12673572
1015	12647985
1016	12618885
1017	12593539
1018	12564685
1019	12539602
1020	12511038
1021	12482585
1022	12457806
1023	12429617
1024	12401595
1025	12377168
1026	12349397
1027	12321740
1028	12294184
1029	12270212
1030	12242930
1031	12215795
1032	12188757
1033	12161847
1034	12135060
1035	12108421
1036	12081913
1037	12055519
1038	12029228
1039	12003102
1040	11977033
1041	11951113
1042	11925310
1043	11899620
1044	11874066
1045	11848605
1046	11823310
1047	11798092
1048	11769837
1049	11744898
1050	11719991
1051	11695246
1052	11667547
1053	11643026
1054	11618604
1055	11591295
1056	11567094
1057	11540038
1058	11516063
1059	11492236
1060	11465528
1061	11441883
1062	11415450
1063	11389103
1064	11365820
1065	11339724
1066	11316647
1067	11290775
1068	11265069
1069	11242316
1070	11216815
1071	11191436
1072	11166180
1073	11143830
1074	11118808
1075	11093892
1076	11069147
1077	11044407
1078	11019897
1079	10995445
1080	10971133
1081	10946917
1082	10922825
1083	10898833
1084	10874963
1085	10851173
1086	10827521
1087	10803991
1088	10780527
1089	10757185
1090	10731391
1091	10708300
1092	10685302
1093	10662406
1094	10637013
1095	10614370
1096	10591787
1097	10566796
1098	10544415
1099	10519708
1100	10497524
1101	10475444
1102	10451091
1103	10426804
1104	10405023
1105	10380972
1106	10359414
1107	10335581
1108	10311876
1109	10290615
1110	10267101
1111	10243704
1112	10220425
1113	10199569
1114	10176504
1115	10153526
1116	10130670
1117	10107940
1118	10085278
1119	10062763
1120	10040349
1121	10018027
1122	9995794
1123	9973680
1124	9951664
1125	9929747
1126	9907986
1127	9886248
1128	9862480
1129	9840981
1130	9819570
1131	9798293
1132	9774971
1133	9753866
1134	9730718
1135	9709860
1136	9689030
1137	9666267
1138	9645641
1139	9623053
1140	9602638
1141	9580276
1142	9558019
1143	9537899
1144	9515843
1145	9493899
1146	9474063
1147	9452327
1148	9430654
1149	9409160
1150	9387709
1151	9368345
1152	9347073
1153	9325951
1154	9304933
1155	9283969
1156	9263147
1157	9242424
1158	9219905
1159	9199353
1160	9178894
1161	9158562
1162	9138322
1163	9118146
1164	9096277
1165	9076297
1166	9056462
1167	9034853
1168	9015127
1169	8993782
1170	8974290
1171	8953114
1172	8933772
1173	8912790
1174	8893666
1175	8872885
1176	8853924
1177	8833342
1178	8812873
1179	8792477
1180	8773882
1181	8753664
1182	8733570
1183	8713550
1184	8693622
1185	8673805
1186	8654090
1187	8634463
1188	8614935
1189	8595493
1190	8576117
1191	8556872
1192	8537686
1193	8517015
1194	8497995
1195	8479113
1196	8458773
1197	8440024
1198	8421386
1199	8401316
1200	8382839
1201	8362939
1202	8344674
1203	8324938
1204	8306849
1205	8287297
1206	8267871
1207	8250009
1208	8230790
1209	8211606
1210	8192563
1211	8175039
1212	8156143
1213	8137321
1214	8118635
1215	8100003
1216	8081489
1217	8063018
1218	8044662
1219	8026383
1220	8006816
1221	7988713
1222	7970718
1223	7952788
1224	7933612
1225	7915843
1226	7898171
1227	7879218
1228	7861711
1229	7842984
1230	7825652
1231	7807053
1232	7788566
1233	7771482
1234	7753154
1235	7734929
1236	7718115
1237	7700049
1238	7682081
1239	7664193
1240	7646419
1241	7628711
1242	7611062
1243	7593534
1244	7576064
1245	7558698
1246	7541433
1247	7524222
1248	7505876
1249	7488802
1250	7471846
1251	7453784
1252	7436984
1253	7420237
1254	7402425
1255	7385852
1256	7368202
1257	7350611
1258	7334311
1259	7316912
1260	7299584
1261	7283493
1262	7266327
1263	7249266
1264	7232263
1265	7215347
1266	7198555
1267	7181788
1268	7165134
1269	7148527
1270	7132021
1271	7115584
1272	7098162
1273	7081885
1274	7065702
1275	7048504
1276	7032498
1277	7016529
1278	6999583
1279	6983782
1280	6967016
1281	6950317
1282	6934740
1283	6918191
1284	6901745
1285	6886395
1286	6870104
1287	6853885
1288	6837737
1289	6821671
1290	6805685
1291	6789781
1292	6773948
1293	6758187
1294	6741527
1295	6725943
1296	6710384
1297	6694946
1298	6678614
1299	6663309
1300	6647130
1301	6631971
1302	6615953
1303	6600943
1304	6585056
1305	6569298
1306	6553578
1307	6538850
1308	6523286
1309	6507816
1310	6492387
1311	6477039
1312	6461779
1313	6446608
1314	6431496
1315	6415563
1316	6400574
1317	6385694
1318	6370874
1319	6355249
1320	6340575
1321	6325111
1322	6310560
1323	6295235
1324	6280856
1325	6265670
1326	6250580
1327	6235563
1328	6221446
1329	6206574
1330	6191767
1331	6177042
1332	6162395
1333	6147780
1334	6132496
1335	6118037
1336	6103673
1337	6089366
1338	6074336
1339	6060173
1340	6046088
1341	6031265
1342	6017317
1343	6002642
1344	5988065
1345	5974295
1346	5959853
1347	5945475
1348	5931181
1349	5916951
1350	5902777
1351	5888701
1352	5874668
1353	5860699
1354	5846827
1355	5832272
1356	5818525
1357	5804834
1358	5790506
1359	5776942
1360	5762736
1361	5749316
1362	5735269
1363	5721276
1364	5708039
1365	5694230
1366	5680434
1367	5666725
1368	5653076
1369	5639503
1370	5625981
1371	5612545
1372	5599150
1373	5585188
1374	5571944
1375	5558772
1376	5545001
1377	5531944
1378	5518314
1379	5505391
1380	5491890
1381	5478450
1382	5465056
1383	5451763
1384	5439155
1385	5425987
1386	5412900
1387	5399211
1388	5386220
1389	5373333
1390	5360468
1391	5347095
1392	5334377
1393	5321712
1394	5308492
1395	5295988
1396	5282910
1397	5269917
1398	5256975
1399	5244678
1400	5231876
1401	5219143
1402	5206470
1403	5193841
1404	5180705
1405	5168227
1406	5155789
1407	5143405
1408	5130540
1409	5118295
1410	5105572
1411	5093440
1412	5080810
1413	5068264
1414	5055794
1415	5043901
1416	5031535
1417	5019232
1418	5007010
1419	4994298
1420	4982172
1421	4970124
1422	4958133
1423	4945647
1424	4933786
1425	4921441
1426	4909682
1427	4897503
1428	4885336
1429	4873747
1430	4861723
1431	4849754
1432	4837840
1433	4825988
1434	4813724
1435	4802002
1436	4790328
1437	4778733
1438	4766669
1439	4755193
1440	4743275
1441	4731901
1442	4720099
1443	4708366
1444	4696676
1445	4685085
1446	4673513
1447	4662024
1448	4650563
1449	4639183
1450	4627848
1451	4616127
1452	4604919
1453	4593313
1454	4582212
1455	4570701
1456	4559285
1457	4547916
1458	4537023
1459	4525777
1460	4514561
1461	4503009
1462	4491907
1463	4480866
1464	4469896
1465	4458549
1466	4447687
1467	4436461
1468	4425697
1469	4414597
1470	4403522
1471	4392533
1472	4381591
1473	4370709
1474	4359872
1475	4349083
1476	4338352
1477	4327293
1478	4316676
1479	4305710
1480	4295196
1481	4284338
1482	4273577
1483	4263211
1484	4252541
1485	4241923
1486	4231337
1487	4220454
1488	4209969
1489	4199564
1490	4188844
1491	4178540
1492	4167914
1493	4157724
1494	4147201
1495	4136748
1496	4126343
1497	4115984
1498	4105693
1499	4095438
1500	4085242
1501	4074770
1502	4064665
1503	4054630
1504	4044289
1505	4034015
1506	4024129
1507	4013941
1508	4003836
1509	3993745
1510	3983726
1511	3973436
1512	3963523
1513	3953664
1514	3943511
1515	3933729
1516	3923703
1517	3913719
1518	3904096
1519	3894204
1520	3884386
1521	3874591
1522	3864527
1523	3854863
1524	3845219
1525	3835303
1526	3825781
1527	3816002
1528	3806250
1529	3796861
1530	3787214
1531	3777616
1532	3767776
1533	3758283
1534	3748836
1535	3739430
1536	3729794
1537	3720480
1538	3710949
1539	3701446
1540	3691999
1541	3682619
1542	3673261
1543	3663966
1544	3654718
1545	3645224
1546	3636075
1547	3626684
1548	3617637
1549	3608346
1550	3599084
1551	3589893
1552	3580756
1553	3571672
1554	3562634
1555	3553342
1556	3544385
1557	3535217
1558	3526356
1559	3517274
1560	3508222
1561	3499266
1562	3490308
1563	3481427
1564	3472593
1565	3463524
1566	3454778
1567	3445806
1568	3436904
1569	3428295
1570	3419467
1571	3410699
1572	3401951
1573	3393037
1574	3384402
1575	3375824
1576	3367046
1577	3358291
1578	3349832
1579	3341185
1580	3332598
1581	3324035
1582	3315516
1583	3306833
1584	3298410
1585	3289779
1586	3281439
1587	3272932
1588	3264467
1589	3256030
1590	3247655
1591	3239309
1592	3231012
1593	3222539
1594	3214333
1595	3205931
1596	3197614
1597	3189299
1598	3181045
1599	3172832
1600	3164671
1601	3156560
1602	3148274
1603	3140219
1604	3132011
1605	3123865
1606	3115753
1607	3107678
1608	3099641
1609	3091662
1610	3083513
1611	3075623
1612	3067544
1613	3059530
1614	3051561
1615	3043628
1616	3035745
1617	3027876
1618	3020066
1619	3012117
1620	3004384
1621	2996510
1622	2988677
1623	2980898
1624	2973126
1625	2965431
1626	2957580
1627	2949958
1628	2942181
1629	2934445
1630	2926948
1631	2919296
1632	2911530
1633	2903956
1634	2896424
1635	2888773
1636	2881320
1637	2873748
1638	2866216
1639	2858686
1640	2851233
1641	2843818
1642	2836272
1643	2828928
1644	2821450
1645	2814020
1646	2806633
1647	2799288
1648	2791983
1649	2784537
1650	2777294
1651	2769949
1652	2762793
1653	2755497
1654	2748285
1655	2740919
1656	2733747
1657	2726623
1658	2719399
1659	2712182
1660	2705178
1661	2698042
1662	2690788
1663	2683740
1664	2676729
1665	2669606
1666	2662521
1667	2655612
1668	2648614
1669	2641473
1670	2634555
1671	2627661
1672	2620657
1673	2613663
1674	2606898
1675	2600003
1676	2593010
1677	2586189
1678	2579398
1679	2572513
1680	2565662
1681	2558847
1682	2552061
1683	2545331
1684	2538620
1685	2531830
1686	2525201
1687	2518467
1688	2511775
1689	2505132
1690	2498505
1691	2491779
1692	2485222
1693	2478591
1694	2471991
1695	2465409
1696	2458874
1697	2452377
1698	2445775
1699	2439338
1700	2432827
1701	2426331
1702	2419876
1703	2413352
1704	2406963
1705	2400509
1706	2394188
1707	2387794
1708	2381415
1709	2374977
1710	2368680
1711	2362309
1712	2356082
1713	2349781
1714	2343503
1715	2337256
1716	2330945
1717	2324771
1718	2318510
1719	2312304
1720	2306099
1721	2299956
1722	2293729
1723	2287627
1724	2281482
1725	2275355
1726	2269249
1727	2263203
1728	2257066
1729	2251064
1730	2244992
1731	2238961
1732	2232959
1733	2226997
1734	2220949
1735	2215053
1736	2209076
1737	2203116
1738	2197222
1739	2191239
1740	2185382
1741	2179491
1742	2173593
1743	2167744
1744	2161936
1745	2156135
1746	2150297
1747	2144461
1748	2138681
1749	2132933
1750	2127205
1751	2121512
1752	2115761
1753	2110045
1754	2104350
1755	2098680
1756	2092951
1757	2087353
1758	2081700
1759	2076063
1760	2070469
1761	2064818
1762	2059278
1763	2053668
1764	2048123
1765	2042569
1766	2037072
1767	2031521
1768	2025971
1769	2020493
1770	2015025
1771	2009568
1772	2004081
1773	1998697
1774	1993270
1775	1987870
1776	1982488
1777	1977065
1778	1971668
1779	1966307
1780	1960976
1781	1955669
1782	1950387
1783	1945060
1784	1939767
1785	1934484
1786	1929237
1787	1923954
1788	1918696
1789	1913470
1790	1908249
1791	1903081
1792	1897865
1793	1892753
1794	1887577
1795	1882461
1796	1877269
1797	1872191
1798	1867071
1799	1861968
1800	1856840
1801	1851798
1802	1846720
1803	1841659
1804	1836635
1805	1831624
1806	1826599
1807	1821658
1808	1816674
1809	1811710
1810	1806715
1811	1801800
1812	1796878
1813	1791950
1814	1786997
1815	1782131
1816	1777235
1817	1772365
1818	1767514
1819	1762628
1820	1757839
1821	1753007
1822	1748207
1823	1743355
1824	1738622
1825	1733826
1826	1729068
1827	1724333
1828	1719573
1829	1714894
1830	1710161
1831	1705422
1832	1700743
1833	1696045
1834	1691386
1835	1686739
1836	1682104
1837	1677456
1838	1672837
1839	1668240
1840	1663658
1841	1659043
1842	1654527
1843	1649962
1844	1645376
1845	1640866
1846	1636332
1847	1631831
1848	1627272
1849	1622818
1850	1618327
1851	1613846
1852	1609426
1853	1604943
1854	1600507
1855	1596080
1856	1591697
1857	1587321
1858	1582925
1859	1578543
1860	1574140
1861	1569813
1862	1565452
1863	1561126
1864	1556821
1865	1552487
1866	1548200
1867	1543911
1868	1539603
1869	1535370
1870	1531112
1871	1526866
1872	1522602
1873	1518421
1874	1514213
1875	1509974
1876	1505805
1877	1501627
1878	1497449
1879	1493306
1880	1489134
1881	1485009
1882	1480874
1883	1476738
1884	1472670
1885	1468576
1886	1464506
1887	1460409
1888	1456332
1889	1452282
1890	1448261
1891	1444222
1892	1440194
1893	1436189
1894	1432180
1895	1428219
1896	1424204
1897	1420245
1898	1416270
1899	1412363
1900	1408384
1901	1404480
1902	1400564
1903	1396658
1904	1392748
1905	1388877
1906	1385003
1907	1381100
1908	1377262
1909	1373423
1910	1369580
1911	1365735
1912	1361964
1913	1358146
1914	1354335
1915	1350575
1916	1346789
1917	1342995
1918	1339266
1919	1335505
1920	1331776
1921	1328046
1922	1324317
1923	1320614
1924	1316924
1925	1313231
1926	1309550
1927	1305897
1928	1302226
1929	1298577
1930	1294948
1931	1291299
1932	1287680
1933	1284074
1934	1280465
1935	1276869
1936	1273292
1937	1269705
1938	1266133
1939	1262588
1940	1259059
1941	1255527
1942	1252007
1943	1248460
1944	1244950
1945	1241457
1946	1237981
1947	1234499
1948	1231035
1949	1227565
1950	1224093
1951	1220672
1952	1217246
1953	1213809
1954	1210370
1955	1206988
1956	1203580
1957	1200201
1958	1196804
1959	1193431
1960	1190071
1961	1186707
1962	1183390
1963	1180035
1964	1176730
1965	1173408
1966	1170089
1967	1166775
1968	1163481
1969	1160225
1970	1156925
1971	1153670
1972	1150437
1973	1147182
1974	1143947
1975	1140698
1976	1137477
1977	1134276
1978	1131061
1979	1127858
1980	1124686
1981	1121503
1982	1118332
1983	1115169
1984	1112012
1985	1108873
1986	1105722
1987	1102594
1988	1099478
1989	1096370
1990	1093270
1991	1090190
1992	1087101
1993	1083995
1994	1080939
1995	1077890
1996	1074821
1997	1071800
1998	1068732
1999	1065730
2000	1062695
2001	1059672
2002	1056683
2003	1053693
2004	1050692
2005	1047711
2006	1044755
2007	1041773
2008	1038825
2009	1035874
2010	1032934
2011	1029989
2012	1027072
2013	1024141
2014	1021271
2015	1018366
2016	1015454
2017	1012558
2018	1009698
2019	1006834
2020	1003977
2021	1001104
2022	998252
2023	995430
2024	992587
2025	989764
2026	986963
2027	984157
2028	981360
2029	978559
2030	975780
2031	973002
2032	970232
2033	967458
2034	964705
2035	961966
2036	959226
2037	956492
2038	953765
2039	951047
2040	948350
2041	945648
2042	942941
2043	940244
2044	937582
2045	934885
2046	932231
2047	929578
2048	926921
2049	924275
2050	921646
2051	919025
2052	916400
2053	913783
2054	911170
2055	908567
2056	905967
2057	903388
2058	900820
2059	898224
2060	895680
2061	893121
2062	890559
2063	888005
2064	885496
2065	882957
2066	880438
2067	877909
2068	875391
2069	872908
2070	870400
2071	867902
2072	865426
2073	862948
2074	860486
2075	858018
2076	855567
2077	853133
2078	850677
2079	848254
2080	845831
2081	843402
2082	840980
2083	838569
2084	836178
2085	833772
2086	831388
2087	829010
2088	826636
2089	824272
2090	821903
2091	819553
2092	817204
2093	814863
2094	812530
2095	810190
2096	807872
2097	805563
2098	803254
2099	800943
2100	798643
2101	796365
2102	794064
2103	791787
2104	789520
2105	787247
2106	784993
2107	782742
2108	780497
2109	778260
2110	776020
2111	773794
2112	771577
2113	769362
2114	767147
2115	764952
2116	762745
2117	760557
2118	758362
2119	756196
2120	754018
2121	751853
2122	749689
2123	747537
2124	745400
2125	743250
2126	741112
2127	738979
2128	736866
2129	734742
2130	732626
2131	730524
2132	728418
2133	726324
2134	724231
2135	722156
2136	720063
2137	718001
2138	715926
2139	713864
2140	711813
2141	709780
2142	707728
2143	705695
2144	703661
2145	701629
2146	699608
2147	697594
2148	695590
2149	693592
2150	691585
2151	689597
2152	687604
2153	685632
2154	683652
2155	681693
2156	679717
2157	677769
2158	675804
2159	673852
2160	671924
2161	669983
2162	668062
2163	666114
2164	664211
2165	662285
2166	660377
2167	658480
2168	656579
2169	654692
2170	652796
2171	650916
2172	649036
2173	647164
2174	645296
2175	643440
2176	641590
2177	639746
2178	637874
2179	636038
2180	634205
2181	632379
2182	630544
2183	628730
2184	626917
2185	625106
2186	623303
2187	621512
2188	619701
2189	617931
2190	616139
2191	614362
2192	612572
2193	610824
2194	609045
2195	607300
2196	605531
2197	603797
2198	602043
2199	600305
2200	598564
2201	596839
2202	595115
2203	593390
2204	591684
2205	589970
2206	588268
2207	586576
2208	584867
2209	583176
2210	581497
2211	579807
2212	578142
2213	576465
2214	574810
2215	573140
2216	571487
2217	569833
2218	568188
2219	566542
2220	564906
2221	563274
2222	561639
2223	560010
2224	558396
2225	556784
2226	555164
2227	553563
2228	551958
2229	550365
2230	548767
2231	547191
2232	545589
2233	544023
2234	542447
2235	540892
2236	539316
2237	537760
2238	536198
2239	534647
2240	533107
2241	531560
2242	530016
2243	528484
2244	526961
2245	525427
2246	523905
2247	522386
2248	520887
2249	519369
2250	517868
2251	516373
2252	514872
2253	513385
2254	511893
2255	510425
2256	508947
2257	507472
2258	505996
2259	504532
2260	503070
2261	501608
2262	500162
2263	498715
2264	497278
2265	495826
2266	494393
2267	492956
2268	491533
2269	490106
2270	488695
2271	487276
2272	485868
2273	484452
2274	483055
2275	481654
2276	480257
2277	478872
2278	477486
2279	476093
2280	474709
2281	473344
2282	471971
2283	470609
2284	469242
2285	467872
2286	466523
2287	465177
2288	463824
2289	462476
2290	461144
2291	459804
2292	458476
2293	457148
2294	455822
2295	454488
2296	453182
2297	451865
2298	450569
2299	449257
2300	447955
2301	446661
2302	445356
2303	444070
2304	442786
2305	441505
2306	440219
2307	438946
2308	437676
2309	436404
2310	435140
2311	433880
2312	432620
2313	431369
2314	430118
2315	428869
2316	427630
2317	426390
2318	425152
2319	423924
2320	422686
2321	421464
2322	420241
2323	419026
2324	417814
2325	416606
2326	415400
2327	414199
2328	412994
2329	411786
2330	410598
2331	409412
2332	408228
2333	407040
2334	405865
2335	404682
2336	403512
2337	402340
2338	401170
2339	400010
2340	398847
2341	397696
2342	396543
2343	395400
2344	394257
2345	393113
2346	391969
2347	390829
2348	389696
2349	388575
2350	387440
2351	386323
2352	385207
2353	384088
2354	382968
2355	381864
2356	380751
2357	379649
2358	378557
2359	377457
2360	376361
2361	375269
2362	374177
2363	373096
2364	372017
2365	370941
2366	369870
2367	368797
2368	367719
2369	366663
2370	365601
2371	364536
2372	363483
2373	362430
2374	361382
2375	360338
2376	359290
2377	358246
2378	357209
2379	356175
2380	355143
2381	354113
2382	353089
2383	352066
2384	351047
2385	350034
2386	349018
2387	348004
2388	346996
2389	345991
2390	344992
2391	343994
2392	342989
2393	341998
2394	341011
2395	340022
2396	339039
2397	338052
2398	337075
2399	336103
2400	335125
2401	334159
2402	333193
2403	332225
2404	331268
2405	330301
2406	329350
2407	328393
2408	327446
2409	326493
2410	325546
2411	324611
2412	323667
2413	322732
2414	321801
2415	320867
2416	319935
2417	319006
2418	318085
2419	317164
2420	316246
2421	315330
2422	314420
2423	313510
2424	312603
2425	311702
2426	310802
2427	309898
2428	309006
2429	308117
2430	307217
2431	306328
2432	305442
2433	304562
2434	303675
2435	302792
2436	301923
2437	301055
2438	300178
2439	299310
2440	298446
2441	297584
2442	296730
2443	295864
2444	295006
2445	294157
2446	293296
2447	292449
2448	291609
2449	290769
2450	289924
2451	289090
2452	288260
2453	287419
2454	286587
2455	285755
2456	284937
2457	284117
2458	283294
2459	282476
2460	281659
2461	280841
2462	280037
2463	279222
2464	278414
2465	277606
2466	276803
2467	276010
2468	275211
2469	274415
2470	273622
2471	272836
2472	272046
2473	271257
2474	270474
2475	269697
2476	268923
2477	268130
2478	267369
2479	266590
2480	265825
2481	265051
2482	264289
2483	263527
2484	262774
2485	262013
2486	261255
2487	260494
2488	259749
2489	258998
2490	258253
2491	257510
2492	256760
2493	256019
2494	255284
2495	254550
2496	253813
2497	253079
2498	252350
2499	251619
2500	250895
2501	250178
2502	249450
2503	248730
2504	248012
2505	247304
2506	246586
2507	245870
2508	245167
2509	244463
2510	243757
2511	243056
2512	242353
2513	241654
2514	240958
2515	240265
2516	239573
2517	238879
2518	238196
2519	237505
2520	236823
2521	236138
2522	235459
2523	234779
2524	234110
2525	233434
2526	232765
2527	232089
2528	231424
2529	230761
2530	230089
2531	229427
2532	228771
2533	228110
2534	227455
2535	226802
2536	226149
2537	225497
2538	224843
2539	224198
2540	223558
2541	222903
2542	222270
2543	221633
2544	220993
2545	220359
2546	219719
2547	219090
2548	218461
2549	217831
2550	217205
2551	216583
2552	215961
2553	215341
2554	214720
2555	214099
2556	213486
2557	212870
2558	212264
2559	211652
2560	211045
2561	210435
2562	209835
2563	209229
2564	208633
2565	208037
2566	207429
2567	206839
2568	206246
2569	205652
2570	205062
2571	204469
2572	203884
2573	203300
2574	202713
2575	202135
2576	201549
2577	200979
2578	200398
2579	199826
2580	199258
2581	198675
2582	198114
2583	197543
2584	196978
2585	196412
2586	195847
2587	195289
2588	194726
2589	194162
2590	193609
2591	193055
2592	192497
2593	191949
2594	191398
2595	190848
2596	190307
2597	189759
2598	189216
2599	188679
2600	188131
2601	187596
2602	187057
2603	186520
2604	185986
2605	185456
2606	184923
2607	184397
2608	183867
2609	183342
2610	182816
2611	182291
2612	181769
2613	181253
2614	180733
2615	180215
2616	179702
2617	179190
2618	178677
2619	178164
2620	177652
2621	177145
2622	176639
2623	176133
2624	175633
2625	175130
2626	174628
2627	174128
2628	173628
2629	173132
2630	172643
2631	172148
2632	171653
2633	171163
2634	170678
2635	170191
2636	169702
2637	169217
2638	168734
2639	168250
2640	167770
2641	167296
2642	166818
2643	166340
2644	165865
2645	165393
2646	164921
2647	164449
2648	163979
2649	163513
2650	163048
2651	162585
2652	162122
2653	161652
2654	161195
2655	160736
2656	160276
2657	159824
2658	159369
2659	158912
2660	158456
2661	158008
2662	157554
2663	157106
2664	156661
2665	156215
2666	155767
2667	155323
2668	154883
2669	154447
2670	154007
2671	153563
2672	153125
2673	152693
2674	152253
2675	151825
2676	151392
2677	150960
2678	150530
2679	150100
2680	149682
2681	149253
2682	148829
2683	148408
2684	147983
2685	147561
2686	147142
2687	146724
2688	146307
2689	145895
2690	145477
2691	145061
2692	144648
2693	144241
2694	143829
2695	143426
2696	143021
2697	142611
2698	142204
2699	141802
2700	141401
2701	140997
2702	140602
2703	140197
2704	139798
2705	139402
2706	139009
2707	138616
2708	138221
2709	137828
2710	137434
2711	137051
2712	136657
2713	136274
2714	135885
2715	135503
2716	135118
2717	134735
2718	134350
2719	133974
2720	133595
2721	133213
2722	132842
2723	132455
2724	132081
2725	131712
2726	131338
2727	130971
2728	130596
2729	130226
2730	129858
2731	129489
2732	129123
2733	128759
2734	128395
2735	128032
2736	127672
2737	127307
2738	126952
2739	126589
2740	126235
2741	125876
2742	125523
2743	125165
2744	124813
2745	124460
2746	124110
2747	123758
2748	123409
2749	123062
2750	122711
2751	122364
2752	122024
2753	121677
2754	121334
2755	120991
2756	120654
2757	120310
2758	119969
2759	119632
2760	119297
2761	118956
2762	118623
2763	118288
2764	117956
2765	117623
2766	117292
2767	116962
2768	116632
2769	116303
2770	115976
2771	115650
2772	115322
2773	114996
2774	114677
2775	114355
2776	114026
2777	113707
2778	113389
2779	113066
2780	112750
2781	112437
2782	112116
2783	111801
2784	111487
2785	111170
2786	110859
2787	110547
2788	110238
2789	109927
2790	109619
2791	109310
2792	109005
2793	108699
2794	108397
2795	108085
2796	107787
2797	107484
2798	107182
2799	106880
2800	106582
2801	106281
2802	105983
2803	105685
2804	105390
2805	105091
2806	104798
2807	104504
2808	104210
2809	103918
2810	103625
2811	103338
2812	103046
2813	102762
2814	102472
2815	102185
2816	101896
2817	101615
2818	101329
2819	101044
2820	100760
2821	100475
2822	100200
2823	99916
2824	99636
2825	99357
2826	99078
2827	98804
2828	98528
2829	98254
2830	97973
2831	97699
2832	97428
2833	97154
2834	96884
2835	96616
2836	96343
2837	96073
2838	95803
2839	95542
2840	95272
2841	95006
2842	94741
2843	94475
2844	94214
2845	93949
2846	93687
2847	93425
2848	93164
2849	92904
2850	92645
2851	92387
2852	92131
2853	91873
2854	91617
2855	91358
2856	91107
2857	90851
2858	90598
2859	90345
2860	90094
2861	89842
2862	89596
2863	89344
2864	89092
2865	88848
2866	88602
2867	88350
2868	88106
2869	87864
2870	87617
2871	87371
2872	87126
2873	86887
2874	86647
2875	86405
2876	86166
2877	85925
2878	85684
2879	85449
2880	85211
2881	84977
2882	84738
2883	84502
2884	84270
2885	84035
2886	83799
2887	83568
2888	83334
2889	83104
2890	82872
2891	82644
2892	82412
2893	82186
2894	81957
2895	81730
2896	81502
2897	81278
2898	81053
2899	80826
2900	80602
2901	80382
2902	80158
2903	79933
2904	79714
2905	79494
2906	79274
2907	79054
2908	78834
2909	78616
2910	78399
2911	78180
2912	77965
2913	77751
2914	77535
2915	77320
2916	77106
2917	76892
2918	76679
2919	76469
2920	76257
2921	76048
2922	75833
2923	75625
2924	75416
2925	75210
2926	75001
2927	74794
2928	74589
2929	74383
2930	74175
2931	73970
2932	73768
2933	73565
2934	73361
2935	73157
2936	72957
2937	72757
2938	72554
2939	72353
2940	72157
2941	71954
2942	71759
2943	71563
2944	71362
2945	71164
2946	70970
2947	70776
2948	70580
2949	70387
2950	70190
2951	69997
2952	69806
2953	69617
2954	69420
2955	69230
2956	69044
2957	68854
2958	68660
2959	68473
2960	68285
2961	68096
2962	67910
2963	67724
2964	67535
2965	67351
2966	67166
2967	66982
2968	66798
2969	66615
2970	66434
2971	66247
2972	66068
2973	65885
2974	65704
2975	65523
2976	65346
2977	65164
2978	64990
2979	64810
2980	64634
2981	64452
2982	64273
2983	64098
2984	63926
2985	63748
2986	63574
2987	63399
2988	63228
2989	63056
2990	62882
2991	62710
2992	62538
2993	62369
2994	62196
2995	62029
2996	61857
2997	61690
2998	61520
2999	61351
3000	61181
3001	61014
3002	60850
3003	60686
3004	60518
3005	60353
3006	60186
3007	60020
3008	59860
3009	59692
3010	59533
3011	59370
3012	59207
3013	59047
3014	58885
3015	58724
3016	58565
3017	58405
3018	58245
3019	58087
3020	57927
3021	57770
3022	57613
3023	57454
3024	57296
3025	57142
3026	56986
3027	56832
3028	56678
3029	56520
3030	56372
3031	56214
3032	56062
3033	55910
3034	55759
3035	55608
3036	55457
3037	55304
3038	55153
3039	55003
3040	54854
3041	54705
3042	54556
3043	54409
3044	54260
3045	54114
3046	53964
3047	53819
3048	53675
3049	53530
3050	53381
3051	53235
3052	53091
3053	52949
3054	52808
3055	52661
3056	52520
3057	52378
3058	52234
3059	52094
3060	51952
3061	51810
3062	51674
3063	51528
3064	51392
3065	51251
3066	51113
3067	50975
3068	50835
3069	50698
3070	50560
3071	50424
3072	50290
3073	50157
3074	50016
3075	49883
3076	49747
3077	49613
3078	49477
3079	49347
3080	49213
3081	49079
3082	48945
3083	48814
3084	48683
3085	48551
3086	48420
3087	48287
3088	48158
3089	48030
3090	47901
3091	47769
3092	47640
3093	47513
3094	47385
3095	47257
3096	47130
3097	47002
3098	46874
3099	46749
3100	46623
3101	46501
3102	46374
3103	46249
3104	46124
3105	45999
3106	45876
3107	45752
3108	45628
3109	45505
3110	45384
3111	45260
3112	45141
3113	45020
3114	44899
3115	44777
3116	44658
3117	44536
3118	44416
3119	44296
3120	44179
3121	44059
3122	43941
3123	43821
3124	43706
3125	43588
3126	43472
3127	43357
3128	43240
3129	43121
3130	43007
3131	42892
3132	42778
3133	42662
3134	42547
3135	42432
3136	42318
3137	42207
3138	42095
3139	41982
3140	41869
3141	41758
3142	41643
3143	41533
3144	41422
3145	41312
3146	41200
3147	41091
3148	40981
3149	40870
3150	40760
3151	40654
3152	40543
3153	40435
3154	40329
3155	40221
3156	40113
3157	40005
3158	39898
3159	39793
3160	39687
3161	39579
3162	39474
3163	39371
3164	39264
3165	39158
3166	39057
3167	38953
3168	38846
3169	38742
3170	38642
3171	38537
3172	38436
3173	38331
3174	38229
3175	38127
3176	38027
3177	37924
3178	37823
3179	37726
3180	37624
3181	37524
3182	37423
3183	37324
3184	37223
3185	37127
3186	37026
3187	36930
3188	36830
3189	36732
3190	36635
3191	36538
3192	36440
3193	36344
3194	36247
3195	36151
3196	36053
3197	35960
3198	35862
3199	35769
3200	35676
3201	35578
3202	35484
3203	35392
3204	35297
3205	35203
3206	35111
3207	35018
3208	34924
3209	34832
3210	34738
3211	34649
3212	34554
3213	34463
3214	34372
3215	34282
3216	34192
3217	34099
3218	34012
3219	33921
3220	33833
3221	33743
3222	33653
3223	33563
3224	33476
3225	33385
3226	33298
3227	33211
3228	33122
3229	33036
3230	32948
3231	32860
3232	32775
3233	32688
3234	32599
3235	32516
3236	32430
3237	32343
3238	32256
3239	32172
3240	32089
3241	32003
3242	31921
3243	31836
3244	31752
3245	31670
3246	31587
3247	31502
3248	31418
3249	31334
3250	31253
3251	31171
3252	31089
3253	31007
3254	30927
3255	30843
3256	30763
3257	30682
3258	30601
3259	30520
3260	30440
3261	30361
3262	30281
3263	30202
3264	30123
3265	30045
3266	29968
3267	29886
3268	29809
3269	29730
3270	29652
3271	29573
3272	29497
3273	29418
3274	29343
3275	29264
3276	29189
3277	29113
3278	29035
3279	28960
3280	28884
3281	28807
3282	28730
3283	28658
3284	28580
3285	28507
3286	28433
3287	28356
3288	28285
3289	28211
3290	28134
3291	28063
3292	27989
3293	27916
3294	27846
3295	27772
3296	27700
3297	27627
3298	27553
3299	27483
3300	27410
3301	27338
3302	27267
3303	27195
3304	27125
3305	27054
3306	26985
3307	26915
3308	26842
3309	26773
3310	26704
3311	26634
3312	26565
3313	26496
3314	26427
3315	26357
3316	26290
3317	26219
3318	26152
3319	26083
3320	26017
3321	25949
3322	25880
3323	25814
3324	25747
3325	25679
3326	25613
3327	25546
3328	25480
3329	25415
3330	25347
3331	25282
3332	25217
3333	25152
3334	25085
3335	25022
3336	24955
3337	24892
3338	24825
3339	24761
3340	24699
3341	24633
3342	24569
3343	24505
3344	24443
3345	24378
3346	24315
3347	24253
3348	24190
3349	24126
3350	24065
3351	24001
3352	23941
3353	23877
3354	23817
3355	23753
3356	23694
3357	23632
3358	23571
3359	23511
3360	23448
3361	23389
3362	23328
3363	23267
3364	23207
3365	23146
3366	23087
3367	23029
3368	22970
3369	22909
3370	22850
3371	22793
3372	22734
3373	22674
3374	22616
3375	22559
3376	22498
3377	22442
3378	22383
3379	22327
3380	22268
3381	22212
3382	22155
3383	22095
3384	22040
3385	21983
3386	21927
3387	21871
3388	21813
3389	21758
3390	21702
3391	21645
3392	21590
3393	21535
3394	21479
3395	21423
3396	21368
3397	21312
3398	21258
3399	21204
3400	21151
3401	21094
3402	21042
3403	20986
3404	20933
3405	20880
3406	20826
3407	20773
3408	20720
3409	20665
3410	20613
3411	20561
3412	20508
3413	20455
3414	20403
3415	20349
3416	20297
3417	20246
3418	20195
3419	20144
3420	20092
3421	20041
3422	19989
3423	19937
3424	19887
3425	19836
3426	19786
3427	19736
3428	19684
3429	19633
3430	19584
3431	19534
3432	19484
3433	19434
3434	19384
3435	19335
3436	19285
3437	19236
3438	19188
3439	19137
3440	19088
3441	19040
3442	18992
3443	18944
3444	18895
3445	18846
3446	18798
3447	18751
3448	18704
3449	18655
3450	18608
3451	18559
3452	18514
3453	18466
3454	18418
3455	18372
3456	18326
3457	18279
3458	18232
3459	18186
3460	18141
3461	18092
3462	18048
3463	18001
3464	17955
3465	17911
3466	17865
3467	17820
3468	17773
3469	17729
3470	17684
3471	17639
3472	17594
3473	17550
3474	17505
3475	17461
3476	17417
3477	17372
3478	17328
3479	17284
3480	17242
3481	17197
3482	17153
3483	17110
3484	17065
3485	17024
3486	16980
3487	16938
3488	16894
3489	16851
3490	16810
3491	16767
3492	16724
3493	16683
3494	16640
3495	16599
3496	16556
3497	16514
3498	16472
3499	16432
3500	16388
3501	16348
3502	16306
3503	16266
3504	16224
3505	16183
3506	16143
3507	16102
3508	16061
3509	16019
3510	15979
3511	15941
3512	15900
3513	15860
3514	15819
3515	15780
3516	15740
3517	15700
3518	15661
3519	15621
3520	15582
3521	15543
3522	15504
3523	15464
3524	15425
3525	15385
3526	15348
3527	15311
3528	15272
3529	15233
3530	15194
3531	15157
3532	15118
3533	15080
3534	15042
3535	15004
3536	14966
3537	14928
3538	14891
3539	14854
3540	14817
3541	14778
3542	14743
3543	14705
3544	14669
3545	14632
3546	14595
3547	14558
3548	14522
3549	14486
3550	14449
3551	14413
3552	14377
3553	14341
3554	14305
3555	14270
3556	14234
3557	14199
3558	14163
3559	14127
3560	14092
3561	14057
3562	14021
3563	13986
3564	13951
3565	13917
3566	13882
3567	13848
3568	13812
3569	13779
3570	13744
3571	13709
3572	13675
3573	13642
3574	13606
3575	13572
3576	13540
3577	13506
3578	13472
3579	13438
3580	13404
3581	13370
3582	13338
3583	13305
3584	13272
3585	13238
3586	13206
3587	13172
3588	13139
3589	13106
3590	13074
3591	13044
3592	13010
3593	12978
3594	12946
3595	12913
3596	12881
3597	12849
3598	12817
3599	12785
3600	12754
3601	12722
3602	12692
3603	12659
3604	12627
3605	12596
3606	12565
3607	12533
3608	12502
3609	12471
3610	12441
3611	12409
3612	12380
3613	12349
3614	12317
3615	12288
3616	12256
3617	12226
3618	12196
3619	12166
3620	12136
3621	12105
3622	12076
3623	12045
3624	12016
3625	11985
3626	11957
3627	11927
3628	11898
3629	11869
3630	11838
3631	11810
3632	11780
3633	11752
3634	11722
3635	11693
3636	11664
3637	11635
3638	11607
3639	11577
3640	11550
3641	11521
3642	11493
3643	11464
3644	11436
3645	11409
3646	11379
3647	11352
3648	11323
3649	11296
3650	11268
3651	11241
3652	11213
3653	11186
3654	11158
3655	11130
3656	11102
3657	11076
3658	11048
3659	11021
3660	10993
3661	10965
3662	10939
3663	10913
3664	10886
3665	10860
3666	10832
3667	10806
3668	10780
3669	10754
3670	10726
3671	10700
3672	10674
3673	10648
3674	10621
3675	10595
3676	10569
3677	10544
3678	10518
3679	10492
3680	10466
3681	10440
3682	10415
3683	10390
3684	10365
3685	10339
3686	10312
3687	10288
3688	10263
3689	10238
3690	10213
3691	10188
3692	10162
3693	10139
3694	10113
3695	10088
3696	10063
3697	10039
3698	10015
3699	9990
3700	9966
3701	9941
3702	9918
3703	9893
3704	9869
3705	9846
3706	9821
3707	9796
3708	9772
3709	9749
3710	9726
3711	9702
3712	9679
3713	9655
3714	9631
3715	9608
3716	9584
3717	9561
3718	9538
3719	9515
3720	9491
3721	9468
3722	9445
3723	9422
3724	9399
3725	9376
3726	9353
3727	9330
3728	9307
3729	9285
3730	9262
3731	9240
3732	9217
3733	9195
3734	9173
3735	9151
3736	9129
3737	9106
3738	9084
3739	9061
3740	9040
3741	9018
3742	8996
3743	8974
3744	8953
3745	8931
3746	8909
3747	8888
3748	8866
3749	8844
3750	8823
3751	8801
3752	8781
3753	8760
3754	8738
3755	8717
3756	8696
3757	8675
3758	8653
3759	8632
3760	8611
3761	8592
3762	8570
3763	8550
3764	8529
3765	8508
3766	8488
3767	8467
3768	8447
3769	8426
3770	8406
3771	8386
3772	8366
3773	8345
3774	8325
3775	8305
3776	8285
3777	8264
3778	8245
3779	8225
3780	8206
3781	8186
3782	8166
3783	8147
3784	8126
3785	8107
3786	8087
3787	8067
3788	8049
3789	8029
3790	8009
3791	7991
3792	7972
3793	7952
3794	7933
3795	7914
3796	7895
3797	7876
3798	7857
3799	7838
3800	7819
3801	7801
3802	7782
3803	7763
3804	7745
3805	7726
3806	7707
3807	7689
3808	7670
3809	7652
3810	7634
3811	7615
3812	7597
3813	7579
3814	7561
3815	7543
3816	7524
3817	7507
3818	7489
3819	7471
3820	7453
3821	7434
3822	7417
3823	7400
3824	7383
3825	7365
3826	7348
3827	7330
3828	7312
3829	7295
3830	7277
3831	7260
3832	7243
3833	7225
3834	7207
3835	7190
3836	7174
3837	7157
3838	7140
3839	7123
3840	7106
3841	7088
3842	7072
3843	7054
3844	7038
3845	7022
3846	7004
3847	6988
3848	6971
3849	6954
3850	6938
3851	6921
3852	6905
3853	6888
3854	6872
3855	6856
3856	6839
3857	6823
3858	6807
3859	6791
3860	6774
3861	6758
3862	6743
3863	6726
3864	6710
3865	6694
3866	6678
3867	6662
3868	6646
3869	6631
3870	6616
3871	6600
3872	6584
3873	6569
3874	6553
3875	6537
3876	6522
3877	6506
3878	6491
3879	6475
3880	6460
3881	6445
3882	6430
3883	6414
3884	6399
3885	6384
3886	6369
3887	6354
3888	6339
3889	6323
3890	6310
3891	6294
3892	6279
3893	6264
3894	6249
3895	6234
3896	6220
3897	6205
3898	6190
3899	6175
3900	6161
3901	6146
3902	6133
3903	6117
3904	6103
3905	6088
3906	6074
3907	6059
3908	6046
3909	6032
3910	6017
3911	6003
3912	5989
3913	5976
3914	5961
3915	5947
3916	5933
3917	5919
3918	5904
3919	5890
3920	5877
3921	5864
3922	5849
3923	5836
3924	5822
3925	5808
3926	5794
3927	5781
3928	5767
3929	5754
3930	5740
3931	5727
3932	5713
3933	5700
3934	5687
3935	5673
3936	5660
3937	5647
3938	5633
3939	5620
3940	5607
3941	5593
3942	5581
3943	5568
3944	5554
3945	5541
3946	5529
3947	5516
3948	5503
3949	5489
3950	5477
3951	5464
3952	5452
3953	5438
3954	5426
3955	5413
3956	5401
3957	5388
3958	5375
3959	5363
3960	5349
3961	5338
3962	5325
3963	5313
3964	5300
3965	5288
3966	5275
3967	5263
3968	5251
3969	5238
3970	5227
3971	5214
3972	5201
3973	5190
3974	5178
3975	5166
3976	5153
3977	5142
3978	5130
3979	5118
3980	5106
3981	5094
3982	5082
3983	5070
3984	5058
3985	5047
3986	5034
3987	5023
3988	5011
3989	5000
3990	4988
3991	4976
3992	4965
3993	4953
3994	4942
3995	4930
3996	4918
3997	4908
3998	4896
3999	4885
4000	4873
4001	4862
4002	4851
4003	4839
4004	4828
4005	4817
4006	4806
4007	4795
4008	4784
4009	4772
4010	4761
4011	4751
4012	4739
4013	4728
4014	4717
4015	4707
4016	4696
4017	4685
4018	4674
4019	4663
4020	4653
4021	4642
4022	4630
4023	4620
4024	4609
4025	4599
4026	4588
4027	4578
4028	4567
4029	4556
4030	4546
4031	4535
4032	4525
4033	4514
4034	4504
4035	4493
4036	4483
4037	4473
4038	4462
4039	4452
4040	4442
4041	4431
4042	4421
4043	4411
4044	4401
4045	4391
4046	4380
4047	4370
4048	4361
4049	4350
4050	4340
4051	4330
4052	4321
4053	4311
4054	4300
4055	4291
4056	4281
4057	4271
4058	4262
4059	4251
4060	4242
4061	4232
4062	4222
4063	4212
4064	4203
4065	4193
4066	4184
4067	4174
4068	4164
4069	4155
4070	4145
4071	4136
4072	4126
4073	4117
4074	4107
4075	4098
4076	4088
4077	4079
4078	4069
4079	4060
4080	4051
4081	4042
4082	4032
4083	4023
4084	4014
4085	4005
4086	3996
4087	3987
4088	3978
4089	3968
4090	3959
4091	3950
4092	3941
4093	3932
4094	3923
4095	3914
4096	3905
4097	3896
4098	3887
4099	3878
4100	3870
4101	3861
4102	3852
4103	3843
4104	3835
4105	3826
4106	3817
4107	3808
4108	3799
4109	3790
4110	3782
4111	3774
4112	3765
4113	3756
4114	3748
4115	3739
4116	3731
4117	3722
4118	3714
4119	3705
4120	3697
4121	3689
4122	3680
4123	3672
4124	3663
4125	3655
4126	3646
4127	3639
4128	3630
4129	3622
4130	3614
4131	3605
4132	3597
4133	3589
4134	3581
4135	3573
4136	3565
4137	3556
4138	3548
4139	3540
4140	3532
4141	3524
4142	3516
4143	3509
4144	3501
4145	3493
4146	3485
4147	3477
4148	3469
4149	3461
4150	3453
4151	3445
4152	3437
4153	3430
4154	3422
4155	3414
4156	3407
4157	3399
4158	3391
4159	3384
4160	3376
4161	3368
4162	3360
4163	3353
4164	3345
4165	3338
4166	3330
4167	3323
4168	3315
4169	3308
4170	3300
4171	3293
4172	3285
4173	3278
4174	3270
4175	3263
4176	3256
4177	3249
4178	3241
4179	3234
4180	3227
4181	3219
4182	3212
4183	3205
4184	3197
4185	3190
4186	3183
4187	3176
4188	3169
4189	3162
4190	3155
4191	3147
4192	3140
4193	3133
4194	3126
4195	3119
4196	3112
4197	3105
4198	3098
4199	3091
4200	3084
4201	3078
4202	3071
4203	3063
4204	3057
4205	3050
4206	3043
4207	3036
4208	3029
4209	3022
4210	3016
4211	3009
4212	3002
4213	2996
4214	2989
4215	2982
4216	2975
4217	2969
4218	2962
4219	2956
4220	2949
4221	2942
4222	2936
4223	2929
4224	2923
4225	2916
4226	2909
4227	2903
4228	2896
4229	2890
4230	2883
4231	2877
4232	2871
4233	2864
4234	2858
4235	2851
4236	2845
4237	2839
4238	2833
4239	2826
4240	2820
4241	2813
4242	2807
4243	2801
4244	2795
4245	2789
4246	2782
4247	2776
4248	2770
4249	2764
4250	2757
4251	2751
4252	2745
4253	2739
4254	2733
4255	2727
4256	2721
4257	2715
4258	2709
4259	2703
4260	2697
4261	2691
4262	2685
4263	2679
4264	2673
4265	2667
4266	2661
4267	2655
4268	2649
4269	2643
4270	2638
4271	2632
4272	2626
4273	2620
4274	2614
4275	2608
4276	2602
4277	2597
4278	2591
4279	2585
4280	2579
4281	2574
4282	2568
4283	2562
4284	2557
4285	2551
4286	2545
4287	2540
4288	2534
4289	2528
4290	2523
4291	2517
4292	2512
4293	2506
4294	2501
4295	2495
4296	2489
4297	2484
4298	2479
4299	2473
4300	2468
4301	2462
4302	2457
4303	2451
4304	2446
4305	2440
4306	2435
4307	2430
4308	2424
4309	2419
4310	2413
4311	2408
4312	2403
4313	2398
4314	2392
4315	2387
4316	2382
4317	2377
4318	2371
4319	2366
4320	2361
4321	2356
4322	2350
4323	2345
4324	2340
4325	2335
4326	2330
4327	2325
4328	2320
4329	2314
4330	2309
4331	2304
4332	2299
4333	2294
4334	2289
4335	2284
4336	2279
4337	2274
4338	2269
4339	2264
4340	2259
4341	2254
4342	2249
4343	2244
4344	2240
4345	2235
4346	2230
4347	2225
4348	2220
4349	2215
4350	2210
4351	2205
4352	2200
4353	2196
4354	2191
4355	2186
4356	2181
4357	2176
4358	2172
4359	2167
4360	2162
4361	2157
4362	2153
4363	2148
4364	2143
4365	2139
4366	2134
4367	2129
4368	2125
4369	2120
4370	2115
4371	2111
4372	2106
4373	2101
4374	2097
4375	2092
4376	2088
4377	2083
4378	2079
4379	2074
4380	2070
4381	2065
4382	2060
4383	2056
4384	2052
4385	2047
4386	2043
4387	2038
4388	2034
4389	2029
4390	2025
4391	2020
4392	2016
4393	2012
4394	2007
4395	2003
4396	1999
4397	1994
4398	1990
4399	1985
4400	1981
4401	1977
4402	1973
4403	1968
4404	1964
4405	1960
4406	1956
4407	1951
4408	1947
4409	1943
4410	1939
4411	1934
4412	1930
4413	1926
4414	1922
4415	1918
4416	1913
4417	1909
4418	1905
4419	1901
4420	1897
4421	1893
4422	1889
4423	1885
4424	1881
4425	1876
4426	1872
4427	1868
4428	1864
4429	1860
4430	1856
4431	1852
4432	1848
4433	1844
4434	1840
4435	1836
4436	1832
4437	1828
4438	1824
4439	1820
4440	1817
4441	1813
4442	1809
4443	1805
4444	1801
4445	1797
4446	1793
4447	1789
4448	1785
4449	1781
4450	1778
4451	1774
4452	1770
4453	1766
4454	1762
4455	1759
4456	1755
4457	1751
4458	1747
4459	1743
4460	1740
4461	1736
4462	1732
4463	1728
4464	1725
4465	1721
4466	1717
4467	1714
4468	1710
4469	1706
4470	1702
4471	1699
4472	1695
4473	1692
4474	1688
4475	1684
4476	1681
4477	1677
4478	1674
4479	1670
4480	1666
4481	1663
4482	1659
4483	1656
4484	1652
4485	1648
4486	1645
4487	1642
4488	1638
4489	1634
4490	1631
4491	1628
4492	1624
4493	1621
4494	1617
4495	1614
4496	1610
4497	1607
4498	1603
4499	1600
4500	1596
4501	1593
4502	1590
4503	1586
4504	1583
4505	1579
4506	1576
4507	1573
4508	1569
4509	1566
4510	1562
4511	1559
4512	1556
4513	1553
4514	1549
4515	1546
4516	1543
4517	1539
4518	1536
4519	1533
4520	1529
4521	1526
4522	1523
4523	1520
4524	1516
4525	1513
4526	1510
4527	1507
4528	1503
4529	1500
4530	1497
4531	1494
4532	1491
4533	1488
4534	1484
4535	1481
4536	1478
4537	1475
4538	1472
4539	1469
4540	1466
4541	1462
4542	1459
4543	1456
4544	1453
4545	1450
4546	1447
4547	1444
4548	1441
4549	1438
4550	1435
4551	1432
4552	1429
4553	1426
4554	1423
4555	1420
4556	1417
4557	1414
4558	1411
4559	1408
4560	1405
4561	1401
4562	1399
4563	1396
4564	1393
4565	1390
4566	1387
4567	1384
4568	1381
4569	1378
4570	1375
4571	1372
4572	1369
4573	1366
4574	1363
4575	1361
4576	1358
4577	1355
4578	1352
4579	1349
4580	1346
4581	1343
4582	1341
4583	1338
4584	1335
4585	1332
4586	1329
4587	1326
4588	1324
4589	1321
4590	1318
4591	1315
4592	1313
4593	1310
4594	1307
4595	1304
4596	1302
4597	1299
4598	1296
4599	1293
4600	1291
4601	1288
4602	1285
4603	1282
4604	1280
4605	1277
4606	1274
4607	1272
4608	1269
4609	1266
4610	1264
4611	1261
4612	1258
4613	1256
4614	1253
4615	1250
4616	1248
4617	1245
4618	1243
4619	1240
4620	1237
4621	1235
4622	1232
4623	1230
4624	1227
4625	1224
4626	1222
4627	1219
4628	1217
4629	1214
4630	1212
4631	1209
4632	1207
4633	1204
4634	1202
4635	1199
4636	1196
4637	1194
4638	1191
4639	1189
4640	1187
4641	1184
4642	1181
4643	1179
4644	1177
4645	1174
4646	1172
4647	1169
4648	1167
4649	1164
4650	1162
4651	1159
4652	1157
4653	1155
4654	1152
4655	1150
4656	1147
4657	1145
4658	1143
4659	1140
4660	1138
4661	1136
4662	1133
4663	1131
4664	1128
4665	1126
4666	1124
4667	1121
4668	1119
4669	1117
4670	1114
4671	1112
4672	1110
4673	1107
4674	1105
4675	1103
4676	1101
4677	1098
4678	1096
4679	1094
4680	1091
4681	1089
4682	1087
4683	1085
4684	1082
4685	1080
4686	1078
4687	1076
4688	1073
4689	1071
4690	1069
4691	1067
4692	1064
4693	1062
4694	1060
4695	1058
4696	1056
4697	1053
4698	1051
4699	1049
4700	1047
4701	1045
4702	1043
4703	1040
4704	1038
4705	1036
4706	1034
4707	1032
4708	1030
4709	1028
4710	1025
4711	1023
4712	1021
4713	1019
4714	1017
4715	1015
4716	1013
4717	1011
4718	1008
4719	1006
4720	1004
4721	1002
4722	1000
4723	998
4724	996
4725	994
4726	992
4727	990
4728	988
4729	986
4730	984
4731	982
4732	980
4733	978
4734	976
4735	974
4736	972
4737	970
4738	968
4739	966
4740	964
4741	962
4742	960
4743	958
4744	956
4745	954
4746	952
4747	950
4748	948
4749	946
4750	944
4751	942
4752	940
4753	938
4754	936
4755	934
4756	932
4757	930
4758	929
4759	927
4760	925
4761	923
4762	921
4763	919
4764	917
4765	915
4766	913
4767	912
4768	910
4769	908
4770	906
4771	904
4772	902
4773	900
4774	899
4775	897
4776	895
4777	893
4778	891
4779	889
4780	888
4781	886
4782	884
4783	882
4784	880
4785	879
4786	877
4787	875
4788	873
4789	871
4790	870
4791	868
4792	866
4793	864
4794	862
4795	861
4796	859
4797	857
4798	855
4799	854
4800	852
4801	850
4802	848
4803	847
4804	845
4805	843
4806	842
4807	840
4808	838
4809	836
4810	835
4811	833
4812	831
4813	830
4814	828
4815	826
4816	824
4817	823
4818	821
4819	820
4820	818
4821	816
4822	814
4823	813
4824	811
4825	810
4826	808
4827	806
4828	805
4829	803
4830	801
4831	800
4832	798
4833	796
4834	795
4835	793
4836	792
4837	790
4838	788
4839	787
4840	785
4841	784
4842	782
4843	780
4844	779
4845	777
4846	776
4847	774
4848	773
4849	771
4850	769
4851	768
4852	766
4853	765
4854	763
4855	762
4856	760
4857	759
4858	757
4859	755
4860	754
4861	752
4862	751
4863	749
4864	748
4865	746
4866	745
4867	743
4868	742
4869	740
4870	739
4871	737
4872	736
4873	734
4874	733
4875	731
4876	730
4877	728
4878	727
4879	726
4880	724
4881	723
4882	721
4883	720
4884	718
4885	717
4886	715
4887	714
4888	712
4889	711
4890	710
4891	708
4892	707
4893	705
4894	704
4895	702
4896	701
4897	700
4898	698
4899	697
4900	695
4901	694
4902	693
4903	691
4904	690
4905	689
4906	687
4907	686
4908	684
4909	683
4910	682
4911	680
4912	679
4913	677
4914	676
4915	675
4916	673
4917	672
4918	671
4919	669
4920	668
4921	667
4922	665
4923	664
4924	663
4925	661
4926	660
4927	659
4928	657
4929	656
4930	655
4931	653
4932	652
4933	651
4934	650
4935	648
4936	647
4937	646
4938	644
4939	643
4940	642
4941	640
4942	639
4943	638
4944	637
4945	635
4946	634
4947	633
4948	632
4949	630
4950	629
4951	628
4952	627
4953	625
4954	624
4955	623
4956	622
4957	620
4958	619
4959	618
4960	617
4961	615
4962	614
4963	613
4964	612
4965	610
4966	609
4967	608
4968	607
4969	606
4970	604
4971	603
4972	602
4973	601
4974	600
4975	598
4976	597
4977	596
4978	595
4979	594
4980	593
4981	591
4982	590
4983	589
4984	588
4985	587
4986	586
4987	584
4988	583
4989	582
4990	581
4991	580
4992	579
4993	577
4994	576
4995	575
4996	574
4997	573
4998	572
4999	571
5000	569
5001	568
5002	567
5003	566
5004	565
5005	564
5006	563
5007	562
5008	560
5009	559
5010	558
5011	557
5012	556
5013	555
5014	554
5015	553
5016	552
5017	551
5018	549
5019	548
5020	547
5021	546
5022	545
5023	544
5024	543
5025	542
5026	541
5027	540
5028	539
5029	538
5030	537
5031	536
5032	534
5033	533
5034	532
5035	531
5036	530
5037	529
5038	528
5039	527
5040	526
5041	525
5042	524
5043	523
5044	522
5045	521
5046	520
5047	519
5048	518
5049	517
5050	516
5051	515
5052	514
5053	513
5054	512
5055	511
5056	510
5057	509
5058	508
5059	507
5060	506
5061	505
5062	504
5063	503
5064	502
5065	501
5066	500
5067	499
5068	498
5069	497
5070	496
5071	495
5072	494
5073	493
5074	492
5075	491
5076	490
5077	489
5078	488
5079	487
5080	486
5081	485
5082	484
5083	483
5084	482
5085	482
5086	481
5087	480
5088	479
5089	478
5090	477
5091	476
5092	475
5093	474
5094	473
5095	472
5096	471
5097	470
5098	469
5099	469
5100	468
5101	467
5102	466
5103	465
5104	464
5105	463
5106	462
5107	461
5108	460
5109	459
5110	459
5111	458
5112	457
5113	456
5114	455
5115	454
5116	453
5117	452
5118	451
5119	451
5120	450
5121	449
5122	448
5123	447
5124	446
5125	445
5126	444
5127	444
5128	443
5129	442
5130	441
5131	440
5132	439
5133	438
5134	438
5135	437
5136	436
5137	435
5138	434
5139	433
5140	433
5141	432
5142	431
5143	430
5144	429
5145	428
5146	428
5147	427
5148	426
5149	425
5150	424
5151	423
5152	423
5153	422
5154	421
5155	420
5156	419
5157	419
5158	418
5159	417
5160	416
5161	415
5162	414
5163	414
5164	413
5165	412
5166	411
5167	410
5168	410
5169	409
5170	408
5171	407
5172	407
5173	406
5174	405
5175	404
5176	403
5177	403
5178	402
5179	401
5180	400
5181	399
5182	399
5183	398
5184	397
5185	396
5186	396
5187	395
5188	394
5189	393
5190	393
5191	392
5192	391
5193	390
5194	390
5195	389
5196	388
5197	387
5198	387
5199	386
5200	385
5201	384
5202	384
5203	383
5204	382
5205	381
5206	381
5207	380
5208	379
5209	379
5210	378
5211	377
5212	376
5213	376
5214	375
5215	374
5216	373
5217	373
5218	372
5219	371
5220	371
5221	370
5222	369
5223	368
5224	368
5225	367
5226	366
5227	366
5228	365
5229	364
5230	364
5231	363
5232	362
5233	361
5234	361
5235	360
5236	359
5237	359
5238	358
5239	357
5240	357
5241	356
5242	355
5243	355
5244	354
5245	353
5246	353
5247	352
5248	351
5249	351
5250	350
5251	349
5252	349
5253	348
5254	347
5255	347
5256	346
5257	345
5258	345
5259	344
5260	343
5261	343
5262	342
5263	341
5264	341
5265	340
5266	339
5267	339
5268	338
5269	337
5270	337
5271	336
5272	335
5273	335
5274	334
5275	334
5276	333
5277	332
5278	332
5279	331
5280	330
5281	330
5282	329
5283	329
5284	328
5285	327
5286	327
5287	326
5288	325
5289	325
5290	324
5291	324
5292	323
5293	322
5294	322
5295	321
5296	320
5297	320
5298	319
5299	319
5300	318
5301	317
5302	317
5303	316
5304	316
5305	315
5306	314
5307	314
5308	313
5309	313
5310	312
5311	311
5312	311
5313	310
5314	310
5315	309
5316	309
5317	308
5318	307
5319	307
5320	306
5321	306
5322	305
5323	304
5324	304
5325	303
5326	303
5327	302
5328	302
5329	301
5330	300
5331	300
5332	299
5333	299
5334	298
5335	298
5336	297
5337	297
5338	296
5339	295
5340	295
5341	294
5342	294
5343	293
5344	293
5345	292
5346	292
5347	291
5348	290
5349	290
5350	289
5351	289
5352	288
5353	288
5354	287
5355	287
5356	286
5357	286
5358	285
5359	284
5360	284
5361	283
5362	283
5363	282
5364	282
5365	281
5366	281
5367	280
5368	280
5369	279
5370	279
5371	278
5372	278
5373	277
5374	277
5375	276
5376	276
5377	275
5378	274
5379	274
5380	273
5381	273
5382	272
5383	272
5384	271
5385	271
5386	270
5387	270
5388	269
5389	269
5390	268
5391	268
5392	267
5393	267
5394	266
5395	266
5396	265
5397	265
5398	264
5399	264
5400	263
5401	263
5402	262
5403	262
5404	261
5405	261
5406	260
5407	260
5408	259
5409	259
5410	259
5411	258
5412	258
5413	257
5414	257
5415	256
5416	256
5417	255
5418	255
5419	254
5420	254
5421	253
5422	253
5423	252
5424	252
5425	251
5426	251
5427	250
5428	250
5429	249
5430	249
5431	249
5432	248
5433	248
5434	247
5435	247
5436	246
5437	246
5438	245
5439	245
5440	244
5441	244
5442	244
5443	243
5444	243
5445	242
5446	242
5447	241
5448	241
5449	240
5450	240
5451	239
5452	239
5453	239
5454	238
5455	238
5456	237
5457	237
5458	236
5459	236
5460	235
5461	235
5462	235
5463	234
5464	234
5465	233
5466	233
5467	232
5468	232
5469	232
5470	231
5471	231
5472	230
5473	230
5474	229
5475	229
5476	229
5477	228
5478	228
5479	227
5480	227
5481	226
5482	226
5483	226
5484	225
5485	225
5486	224
5487	224
5488	224
5489	223
5490	223
5491	222
5492	222
5493	222
5494	221
5495	221
5496	220
5497	220
5498	219
5499	219
5500	219
5501	218
5502	218
5503	217
5504	217
5505	217
5506	216
5507	216
5508	215
5509	215
5510	215
5511	214
5512	214
5513	213
5514	213
5515	213
5516	212
5517	212
5518	212
5519	211
5520	211
5521	210
5522	210
5523	210
5524	209
5525	209
5526	208
5527	208
5528	208
5529	207
5530	207
5531	207
5532	206
5533	206
5534	205
5535	205
5536	205
5537	204
5538	204
5539	204
5540	203
5541	203
5542	202
5543	202
5544	202
5545	201
5546	201
5547	201
5548	200
5549	200
5550	199
5551	199
5552	199
5553	198
5554	198
5555	198
5556	197
5557	197
5558	197
5559	196
5560	196
5561	195
5562	195
5563	195
5564	194
5565	194
5566	194
5567	193
5568	193
5569	193
5570	192
5571	192
5572	192
5573	191
5574	191
5575	191
5576	190
5577	190
5578	189
5579	189
5580	189
5581	188
5582	188
5583	188
5584	187
5585	187
5586	187
5587	186
5588	186
5589	186
5590	185
5591	185
5592	185
5593	184
5594	184
5595	184
5596	183
5597	183
5598	183
5599	182
5600	182
5601	182
5602	181
5603	181
5604	181
5605	180
5606	180
5607	180
5608	179
5609	179
5610	179
5611	178
5612	178
5613	178
5614	177
5615	177
5616	177
5617	176
5618	176
5619	176
5620	176
5621	175
5622	175
5623	175
5624	174
5625	174
5626	174
5627	173
5628	173
5629	173
5630	172
5631	172
5632	172
5633	171
5634	171
5635	171
5636	170
5637	170
5638	170
5639	170
5640	169
5641	169
5642	169
5643	168
5644	168
5645	168
5646	167
5647	167
5648	167
5649	167
5650	166
5651	166
5652	166
5653	165
5654	165
5655	165
5656	164
5657	164
5658	164
5659	164
5660	163
5661	163
5662	163
5663	162
5664	162
5665	162
5666	161
5667	161
5668	161
5669	161
5670	160
5671	160
5672	160
5673	159
5674	159
5675	159
5676	159
5677	158
5678	158
5679	158
5680	157
5681	157
5682	157
5683	157
5684	156
5685	156
5686	156
5687	155
5688	155
5689	155
5690	155
5691	154
5692	154
5693	154
5694	154
5695	153
5696	153
5697	153
5698	152
5699	152
5700	152
5701	152
5702	151
5703	151
5704	151
5705	151
5706	150
5707	150
5708	150
5709	149
5710	149
5711	149
5712	149
5713	148
5714	148
5715	148
5716	148
5717	147
5718	147
5719	147
5720	147
5721	146
5722	146
5723	146
5724	145
5725	145
5726	145
5727	145
5728	144
5729	144
5730	144
5731	144
5732	143
5733	143
5734	143
5735	143
5736	142
5737	142
5738	142
5739	142
5740	141
5741	141
5742	141
5743	141
5744	140
5745	140
5746	140
5747	140
5748	139
5749	139
5750	139
5751	139
5752	138
5753	138
5754	138
5755	138
5756	137
5757	137
5758	137
5759	137
5760	136
5761	136
5762	136
5763	136
5764	135
5765	135
5766	135
5767	135
5768	134
5769	134
5770	134
5771	134
5772	134
5773	133
5774	133
5775	133
5776	133
5777	132
5778	132
5779	132
5780	132
5781	131
5782	131
5783	131
5784	131
5785	130
5786	130
5787	130
5788	130
5789	130
5790	129
5791	129
5792	129
5793	129
5794	128
5795	128
5796	128
5797	128
5798	127
5799	127
5800	127
5801	127
5802	127
5803	126
5804	126
5805	126
5806	126
5807	125
5808	125
5809	125
5810	125
5811	125
5812	124
5813	124
5814	124
5815	124
5816	123
5817	123
5818	123
5819	123
5820	123
5821	122
5822	122
5823	122
5824	122
5825	122
5826	121
5827	121
5828	121
5829	121
5830	120
5831	120
5832	120
5833	120
5834	120
5835	119
5836	119
5837	119
5838	119
5839	119
5840	118
5841	118
5842	118
5843	118
5844	118
5845	117
5846	117
5847	117
5848	117
5849	116
5850	116
5851	116
5852	116
5853	116
5854	115
5855	115
5856	115
5857	115
5858	115
5859	114
5860	114
5861	114
5862	114
5863	114
5864	113
5865	113
5866	113
5867	113
5868	113
5869	112
5870	112
5871	112
5872	112
5873	112
5874	111
5875	111
5876	111
5877	111
5878	111
5879	110
5880	110
5881	110
5882	110
5883	110
5884	110
5885	109
5886	109
5887	109
5888	109
5889	109
5890	108
5891	108
5892	108
5893	108
5894	108
5895	107
5896	107
5897	107
5898	107
5899	107
5900	106
5901	106
5902	106
5903	106
5904	106
5905	106
5906	105
5907	105
5908	105
5909	105
5910	105
5911	104
5912	104
5913	104
5914	104
5915	104
5916	104
5917	103
5918	103
5919	103
5920	103
5921	103
5922	102
5923	102
5924	102
5925	102
5926	102
5927	102
5928	101
5929	101
5930	101
5931	101
5932	101
5933	101
5934	100
5935	100
5936	100
5937	100
5938	100
5939	99
5940	99
5941	99
5942	99
5943	99
5944	99
5945	98
5946	98
5947	98
5948	98
5949	98
5950	98
5951	97
5952	97
5953	97
5954	97
5955	97
5956	97
5957	96
5958	96
5959	96
5960	96
5961	96
5962	96
5963	95
5964	95
5965	95
5966	95
5967	95
5968	95
5969	94
5970	94
5971	94
5972	94
5973	94
5974	94
5975	93
5976	93
5977	93
5978	93
5979	93
5980	93
5981	92
5982	92
5983	92
5984	92
5985	92
5986	92
5987	91
5988	91
5989	91
5990	91
5991	91
5992	91
5993	91
5994	90
5995	90
5996	90
5997	90
5998	90
5999	90
6000	89
6001	89
6002	89
6003	89
6004	89
6005	89
6006	89
6007	88
6008	88
6009	88
6010	88
6011	88
6012	88
6013	87
6014	87
6015	87
6016	87
6017	87
6018	87
6019	87
6020	86
6021	86
6022	86
6023	86
6024	86
6025	86
6026	86
6027	85
6028	85
6029	85
6030	85
6031	85
6032	85
6033	84
6034	84
6035	84
6036	84
6037	84
6038	84
6039	84
6040	83
6041	83
6042	83
6043	83
6044	83
6045	83
6046	83
6047	82
6048	82
6049	82
6050	82
6051	82
6052	82
6053	82
6054	81
6055	81
6056	81
6057	81
6058	81
6059	81
6060	81
6061	81
6062	80
6063	80
6064	80
6065	80
6066	80
6067	80
6068	80
6069	79
6070	79
6071	79
6072	79
6073	79
6074	79
6075	79
6076	78
6077	78
6078	78
6079	78
6080	78
6081	78
6082	78
6083	78
6084	77
6085	77
6086	77
6087	77
6088	77
6089	77
6090	77
6091	76
6092	76
6093	76
6094	76
6095	76
6096	76
6097	76
6098	76
6099	75
6100	75
6101	75
6102	75
6103	75
6104	75
6105	75
6106	75
6107	74
6108	74
6109	74
6110	74
6111	74
6112	74
6113	74
6114	74
6115	73
6116	73
6117	73
6118	73
6119	73
6120	73
6121	73
6122	73
6123	72
6124	72
6125	72
6126	72
6127	72
6128	72
6129	72
6130	72
6131	71
6132	71
6133	71
6134	71
6135	71
6136	71
6137	71
6138	71
6139	70
6140	70
6141	70
6142	70
6143	70
6144	70
6145	70
6146	70
6147	70
6148	69
6149	69
6150	69
6151	69
6152	69
6153	69
6154	69
6155	69
6156	68
6157	68
6158	68
6159	68
6160	68
6161	68
6162	68
6163	68
6164	68
6165	67
6166	67
6167	67
6168	67
6169	67
6170	67
6171	67
6172	67
6173	67
6174	66
6175	66
6176	66
6177	66
6178	66
6179	66
6180	66
6181	66
6182	66
6183	65
6184	65
6185	65
6186	65
6187	65
6188	65
6189	65
6190	65
6191	65
6192	64
6193	64
6194	64
6195	64
6196	64
6197	64
6198	64
6199	64
6200	64
6201	63
6202	63
6203	63
6204	63
6205	63
6206	63
6207	63
6208	63
6209	63
6210	62
6211	62
6212	62
6213	62
6214	62
6215	62
6216	62
6217	62
6218	62
6219	62
6220	61
6221	61
6222	61
6223	61
6224	61
6225	61
6226	61
6227	61
6228	61
6229	60
6230	60
6231	60
6232	60
6233	60
6234	60
6235	60
6236	60
6237	60
6238	60
6239	59
6240	59
6241	59
6242	59
6243	59
6244	59
6245	59
6246	59
6247	59
6248	59
6249	58
6250	58
6251	58
6252	58
6253	58
6254	58
6255	58
6256	58
6257	58
6258	58
6259	58
6260	57
6261	57
6262	57
6263	57
6264	57
6265	57
6266	57
6267	57
6268	57
6269	57
6270	56
6271	56
6272	56
6273	56
6274	56
6275	56
6276	56
6277	56
6278	56
6279	56
6280	56
6281	55
6282	55
6283	55
6284	55
6285	55
6286	55
6287	55
6288	55
6289	55
6290	55
6291	55
6292	54
6293	54
6294	54
6295	54
6296	54
6297	54
6298	54
6299	54
6300	54
6301	54
6302	54
6303	53
6304	53
6305	53
6306	53
6307	53
6308	53
6309	53
6310	53
6311	53
6312	53
6313	53
6314	52
6315	52
6316	52
6317	52
6318	52
6319	52
6320	52
6321	52
6322	52
6323	52
6324	52
6325	52
6326	51
6327	51
6328	51
6329	51
6330	51
6331	51
6332	51
6333	51
6334	51
6335	51
6336	51
6337	50
6338	50
6339	50
6340	50
6341	50
6342	50
6343	50
6344	50
6345	50
6346	50
6347	50
6348	50
6349	49
6350	49
6351	49
6352	49
6353	49
6354	49
6355	49
6356	49
6357	49
6358	49
6359	49
6360	49
6361	49
6362	48
6363	48
6364	48
6365	48
6366	48
6367	48
6368	48
6369	48
6370	48
6371	48
6372	48
6373	48
6374	47
6375	47
6376	47
6377	47
6378	47
6379	47
6380	47
6381	47
6382	47
6383	47
6384	47
6385	47
6386	47
6387	46
6388	46
6389	46
6390	46
6391	46
6392	46
6393	46
6394	46
6395	46
6396	46
6397	46
6398	46
6399	46
6400	45
6401	45
6402	45
6403	45
6404	45
6405	45
6406	45
6407	45
6408	45
6409	45
6410	45
6411	45
6412	45
6413	45
6414	44
6415	44
6416	44
6417	44
6418	44
6419	44
6420	44
6421	44
6422	44
6423	44
6424	44
6425	44
6426	44
6427	43
6428	43
6429	43
6430	43
6431	43
6432	43
6433	43
6434	43
6435	43
6436	43
6437	43
6438	43
6439	43
6440	43
6441	43
6442	42
6443	42
6444	42
6445	42
6446	42
6447	42
6448	42
6449	42
6450	42
6451	42
6452	42
6453	42
6454	42
6455	42
6456	41
6457	41
6458	41
6459	41
6460	41
6461	41
6462	41
6463	41
6464	41
6465	41
6466	41
6467	41
6468	41
6469	41
6470	41
6471	40
6472	40
6473	40
6474	40
6475	40
6476	40
6477	40
6478	40
6479	40
6480	40
6481	40
6482	40
6483	40
6484	40
6485	40
6486	39
6487	39
6488	39
6489	39
6490	39
6491	39
6492	39
6493	39
6494	39
6495	39
6496	39
6497	39
6498	39
6499	39
6500	39
6501	39
6502	38
6503	38
6504	38
6505	38
6506	38
6507	38
6508	38
6509	38
6510	38
6511	38
6512	38
6513	38
6514	38
6515	38
6516	38
6517	38
6518	37
6519	37
6520	37
6521	37
6522	37
6523	37
6524	37
6525	37
6526	37
6527	37
6528	37
6529	37
6530	37
6531	37
6532	37
6533	37
6534	36
6535	36
6536	36
6537	36
6538	36
6539	36
6540	36
6541	36
6542	36
6543	36
6544	36
6545	36
6546	36
6547	36
6548	36
6549	36
6550	36
6551	36
6552	35
6553	35
6554	35
6555	35
6556	35
6557	35
6558	35
6559	35
6560	35
6561	35
6562	35
6563	35
6564	35
6565	35
6566	35
6567	35
6568	35
6569	34
6570	34
6571	34
6572	34
6573	34
6574	34
6575	34
6576	34
6577	34
6578	34
6579	34
6580	34
6581	34
6582	34
6583	34
6584	34
6585	34
6586	34
6587	33
6588	33
6589	33
6590	33
6591	33
6592	33
6593	33
6594	33
6595	33
6596	33
6597	33
6598	33
6599	33
6600	33
6601	33
6602	33
6603	33
6604	33
6605	33
6606	32
6607	32
6608	32
6609	32
6610	32
6611	32
6612	32
6613	32
6614	32
6615	32
6616	32
6617	32
6618	32
6619	32
6620	32
6621	32
6622	32
6623	32
6624	32
6625	31
6626	31
6627	31
6628	31
6629	31
6630	31
6631	31
6632	31
6633	31
6634	31
6635	31
6636	31
6637	31
6638	31
6639	31
6640	31
6641	31
6642	31
6643	31
6644	31
6645	30
6646	30
6647	30
6648	30
6649	30
6650	30
6651	30
6652	30
6653	30
6654	30
6655	30
6656	30
6657	30
6658	30
6659	30
6660	30
6661	30
6662	30
6663	30
6664	30
6665	30
6666	29
6667	29
6668	29
6669	29
6670	29
6671	29
6672	29
6673	29
6674	29
6675	29
6676	29
6677	29
6678	29
6679	29
6680	29
6681	29
6682	29
6683	29
6684	29
6685	29
6686	29
6687	28
6688	28
6689	28
6690	28
6691	28
6692	28
6693	28
6694	28
6695	28
6696	28
6697	28
6698	28
6699	28
6700	28
6701	28
6702	28
6703	28
6704	28
6705	28
6706	28
6707	28
6708	28
6709	28
6710	27
6711	27
6712	27
6713	27
6714	27
6715	27
6716	27
6717	27
6718	27
6719	27
6720	27
6721	27
6722	27
6723	27
6724	27
6725	27
6726	27
6727	27
6728	27
6729	27
6730	27
6731	27
6732	27
6733	26
6734	26
6735	26
6736	26
6737	26
6738	26
6739	26
6740	26
6741	26
6742	26
6743	26
6744	26
6745	26
6746	26
6747	26
6748	26
6749	26
6750	26
6751	26
6752	26
6753	26
6754	26
6755	26
6756	26
6757	25
6758	25
6759	25
6760	25
6761	25
6762	25
6763	25
6764	25
6765	25
6766	25
6767	25
6768	25
6769	25
6770	25
6771	25
6772	25
6773	25
6774	25
6775	25
6776	25
6777	25
6778	25
6779	25
6780	25
6781	25
6782	24
6783	24
6784	24
6785	24
6786	24
6787	24
6788	24
6789	24
6790	24
6791	24
6792	24
6793	24
6794	24
6795	24
6796	24
6797	24
6798	24
6799	24
6800	24
6801	24
6802	24
6803	24
6804	24
6805	24
6806	24
6807	24
6808	23
6809	23
6810	23
6811	23
6812	23
6813	23
6814	23
6815	23
6816	23
6817	23
6818	23
6819	23
6820	23
6821	23
6822	23
6823	23
6824	23
6825	23
6826	23
6827	23
6828	23
6829	23
6830	23
6831	23
6832	23
6833	23
6834	23
6835	22
6836	22
6837	22
6838	22
6839	22
6840	22
6841	22
6842	22
6843	22
6844	22
6845	22
6846	22
6847	22
6848	22
6849	22
6850	22
6851	22
6852	22
6853	22
6854	22
6855	22
6856	22
6857	22
6858	22
6859	22
6860	22
6861	22
6862	22
6863	22
6864	21
6865	21
6866	21
6867	21
6868	21
6869	21
6870	21
6871	21
6872	21
6873	21
6874	21
6875	21
6876	21
6877	21
6878	21
6879	21
6880	21
6881	21
6882	21
6883	21
6884	21
6885	21
6886	21
6887	21
6888	21
6889	21
6890	21
6891	21
6892	21
6893	21
6894	20
6895	20
6896	20
6897	20
6898	20
6899	20
6900	20
6901	20
6902	20
6903	20
6904	20
6905	20
6906	20
6907	20
6908	20
6909	20
6910	20
6911	20
6912	20
6913	20
6914	20
6915	20
6916	20
6917	20
6918	20
6919	20
6920	20
6921	20
6922	20
6923	20
6924	20
6925	20
6926	19
6927	19
6928	19
6929	19
6930	19
6931	19
6932	19
6933	19
6934	19
6935	19
6936	19
6937	19
6938	19
6939	19
6940	19
6941	19
6942	19
6943	19
6944	19
6945	19
6946	19
6947	19
6948	19
6949	19
6950	19
6951	19
6952	19
6953	19
6954	19
6955	19
6956	19
6957	19
6958	19
6959	19
6960	18
6961	18
6962	18
6963	18
6964	18
6965	18
6966	18
6967	18
6968	18
6969	18
6970	18
6971	18
6972	18
6973	18
6974	18
6975	18
6976	18
6977	18
6978	18
6979	18
6980	18
6981	18
6982	18
6983	18
6984	18
6985	18
6986	18
6987	18
6988	18
6989	18
6990	18
6991	18
6992	18
6993	18
6994	18
6995	17
6996	17
6997	17
6998	17
6999	17
7000	17
7001	17
7002	17
7003	17
7004	17
7005	17
7006	17
7007	17
7008	17
7009	17
7010	17
7011	17
7012	17
7013	17
7014	17
7015	17
7016	17
7017	17
7018	17
7019	17
7020	17
7021	17
7022	17
7023	17
7024	17
7025	17
7026	17
7027	17
7028	17
7029	17
7030	17
7031	17
7032	17
7033	16
7034	16
7035	16
7036	16
7037	16
7038	16
7039	16
7040	16
7041	16
7042	16
7043	16
7044	16
7045	16
7046	16
7047	16
7048	16
7049	16
7050	16
7051	16
7052	16
7053	16
7054	16
7055	16
7056	16
7057	16
7058	16
7059	16
7060	16
7061	16
7062	16
7063	16
7064	16
7065	16
7066	16
7067	16
7068	16
7069	16
7070	16
7071	16
7072	16
7073	15
7074	15
7075	15
7076	15
7077	15
7078	15
7079	15
7080	15
7081	15
7082	15
7083	15
7084	15
7085	15
7086	15
7087	15
7088	15
7089	15
7090	15
7091	15
7092	15
7093	15
7094	15
7095	15
7096	15
7097	15
7098	15
7099	15
7100	15
7101	15
7102	15
7103	15
7104	15
7105	15
7106	15
7107	15
7108	15
7109	15
7110	15
7111	15
7112	15
7113	15
7114	15
7115	15
7116	14
7117	14
7118	14
7119	14
7120	14
7121	14
7122	14
7123	14
7124	14
7125	14
7126	14
7127	14
7128	14
7129	14
7130	14
7131	14
7132	14
7133	14
7134	14
7135	14
7136	14
7137	14
7138	14
7139	14
7140	14
7141	14
7142	14
7143	14
7144	14
7145	14
7146	14
7147	14
7148	14
7149	14
7150	14
7151	14
7152	14
7153	14
7154	14
7155	14
7156	14
7157	14
7158	14
7159	14
7160	14
7161	14
7162	13
7163	13
7164	13
7165	13
7166	13
7167	13
7168	13
7169	13
7170	13
7171	13
7172	13
7173	13
7174	13
7175	13
7176	13
7177	13
7178	13
7179	13
7180	13
7181	13
7182	13
7183	13
7184	13
7185	13
7186	13
7187	13
7188	13
7189	13
7190	13
7191	13
7192	13
7193	13
7194	13
7195	13
7196	13
7197	13
7198	13
7199	13
7200	13
7201	13
7202	13
7203	13
7204	13
7205	13
7206	13
7207	13
7208	13
7209	13
7210	13
7211	13
7212	12
7213	12
7214	12
7215	12
7216	12
7217	12
7218	12
7219	12
7220	12
7221	12
7222	12
7223	12
7224	12
7225	12
7226	12
7227	12
7228	12
7229	12
7230	12
7231	12
7232	12
7233	12
7234	12
7235	12
7236	12
7237	12
7238	12
7239	12
7240	12
7241	12
7242	12
7243	12
7244	12
7245	12
7246	12
7247	12
7248	12
7249	12
7250	12
7251	12
7252	12
7253	12
7254	12
7255	12
7256	12
7257	12
7258	12
7259	12
7260	12
7261	12
7262	12
7263	12
7264	12
7265	12
7266	11
7267	11
7268	11
7269	11
7270	11
7271	11
7272	11
7273	11
7274	11
7275	11
7276	11
7277	11
7278	11
7279	11
7280	11
7281	11
7282	11
7283	11
7284	11
7285	11
7286	11
7287	11
7288	11
7289	11
7290	11
7291	11
7292	11
7293	11
7294	11
7295	11
7296	11
7297	11
7298	11
7299	11
7300	11
7301	11
7302	11
7303	11
7304	11
7305	11
7306	11
7307	11
7308	11
7309	11
7310	11
7311	11
7312	11
7313	11
7314	11
7315	11
7316	11
7317	11
7318	11
7319	11
7320	11
7321	11
7322	11
7323	11
7324	11
7325	10
7326	10
7327	10
7328	10
7329	10
7330	10
7331	10
7332	10
7333	10
7334	10
7335	10
7336	10
7337	10
7338	10
7339	10
7340	10
7341	10
7342	10
7343	10
7344	10
7345	10
7346	10
7347	10
7348	10
7349	10
7350	10
7351	10
7352	10
7353	10
7354	10
7355	10
7356	10
7357	10
7358	10
7359	10
7360	10
7361	10
7362	10
7363	10
7364	10
7365	10
7366	10
7367	10
7368	10
7369	10
7370	10
7371	10
7372	10
7373	10
7374	10
7375	10
7376	10
7377	10
7378	10
7379	10
7380	10
7381	10
7382	10
7383	10
7384	10
7385	10
7386	10
7387	10
7388	10
7389	10
7390	9
7391	9
7392	9
7393	9
7394	9
7395	9
7396	9
7397	9
7398	9
7399	9
7400	9
7401	9
7402	9
7403	9
7404	9
7405	9
7406	9
7407	9
7408	9
7409	9
7410	9
7411	9
7412	9
7413	9
7414	9
7415	9
7416	9
7417	9
7418	9
7419	9
7420	9
7421	9
7422	9
7423	9
7424	9
7425	9
7426	9
7427	9
7428	9
7429	9
7430	9
7431	9
7432	9
7433	9
7434	9
7435	9
7436	9
7437	9
7438	9
7439	9
7440	9
7441	9
7442	9
7443	9
7444	9
7445	9
7446	9
7447	9
7448	9
7449	9
7450	9
7451	9
7452	9
7453	9
7454	9
7455	9
7456	9
7457	9
7458	9
7459	9
7460	9
7461	9
7462	9
7463	8
7464	8
7465	8
7466	8
7467	8
7468	8
7469	8
7470	8
7471	8
7472	8
7473	8
7474	8
7475	8
7476	8
7477	8
7478	8
7479	8
7480	8
7481	8
7482	8
7483	8
7484	8
7485	8
7486	8
7487	8
7488	8
7489	8
7490	8
7491	8
7492	8
7493	8
7494	8
7495	8
7496	8
7497	8
7498	8
7499	8
7500	8
7501	8
7502	8
7503	8
7504	8
7505	8
7506	8
7507	8
7508	8
7509	8
7510	8
7511	8
7512	8
7513	8
7514	8
7515	8
7516	8
7517	8
7518	8
7519	8
7520	8
7521	8
7522	8
7523	8
7524	8
7525	8
7526	8
7527	8
7528	8
7529	8
7530	8
7531	8
7532	8
7533	8
7534	8
7535	8
7536	8
7537	8
7538	8
7539	8
7540	8
7541	8
7542	8
7543	8
7544	8
7545	7
7546	7
7547	7
7548	7
7549	7
7550	7
7551	7
7552	7
7553	7
7554	7
7555	7
7556	7
7557	7
7558	7
7559	7
7560	7
7561	7
7562	7
7563	7
7564	7
7565	7
7566	7
7567	7
7568	7
7569	7
7570	7
7571	7
7572	7
7573	7
7574	7
7575	7
7576	7
7577	7
7578	7
7579	7
7580	7
7581	7
7582	7
7583	7
7584	7
7585	7
7586	7
7587	7
7588	7
7589	7
7590	7
7591	7
7592	7
7593	7
7594	7
7595	7
7596	7
7597	7
7598	7
7599	7
7600	7
7601	7
7602	7
7603	7
7604	7
7605	7
7606	7
7607	7
7608	7
7609	7
7610	7
7611	7
7612	7
7613	7
7614	7
7615	7
7616	7
7617	7
7618	7
7619	7
7620	7
7621	7
7622	7
7623	7
7624	7
7625	7
7626	7
7627	7
7628	7
7629	7
7630	7
7631	7
7632	7
7633	7
7634	7
7635	7
7636	7
7637	7
7638	7
7639	6
7640	6
7641	6
7642	6
7643	6
7644	6
7645	6
7646	6
7647	6
7648	6
7649	6
7650	6
7651	6
7652	6
7653	6
7654	6
7655	6
7656	6
7657	6
7658	6
7659	6
7660	6
7661	6
7662	6
7663	6
7664	6
7665	6
7666	6
7667	6
7668	6
7669	6
7670	6
7671	6
7672	6
7673	6
7674	6
7675	6
7676	6
7677	6
7678	6
7679	6
7680	6
7681	6
7682	6
7683	6
7684	6
7685	6
7686	6
7687	6
7688	6
7689	6
7690	6
7691	6
7692	6
7693	6
7694	6
7695	6
7696	6
7697	6
7698	6
7699	6
7700	6
7701	6
7702	6
7703	6
7704	6
7705	6
7706	6
7707	6
7708	6
7709	6
7710	6
7711	6
7712	6
7713	6
7714	6
7715	6
7716	6
7717	6
7718	6
7719	6
7720	6
7721	6
7722	6
7723	6
7724	6
7725	6
7726	6
7727	6
7728	6
7729	6
7730	6
7731	6
7732	6
7733	6
7734	6
7735	6
7736	6
7737	6
7738	6
7739	6
7740	6
7741	6
7742	6
7743	6
7744	6
7745	6
7746	6
7747	6
7748	5
7749	5
7750	5
7751	5
7752	5
7753	5
7754	5
7755	5
7756	5
7757	5
7758	5
7759	5
7760	5
7761	5
7762	5
7763	5
7764	5
7765	5
7766	5
7767	5
7768	5
7769	5
7770	5
7771	5
7772	5
7773	5
7774	5
7775	5
7776	5
7777	5
7778	5
7779	5
7780	5
7781	5
7782	5
7783	5
7784	5
7785	5
7786	5
7787	5
7788	5
7789	5
7790	5
7791	5
7792	5
7793	5
7794	5
7795	5
7796	5
7797	5
7798	5
7799	5
7800	5
7801	5
7802	5
7803	5
7804	5
7805	5
7806	5
7807	5
7808	5
7809	5
7810	5
7811	5
7812	5
7813	5
7814	5
7815	5
7816	5
7817	5
7818	5
7819	5
7820	5
7821	5
7822	5
7823	5
7824	5
7825	5
7826	5
7827	5
7828	5
7829	5
7830	5
7831	5
7832	5
7833	5
7834	5
7835	5
7836	5
7837	5
7838	5
7839	5
7840	5
7841	5
7842	5
7843	5
7844	5
7845	5
7846	5
7847	5
7848	5
7849	5
7850	5
7851	5
7852	5
7853	5
7854	5
7855	5
7856	5
7857	5
7858	5
7859	5
7860	5
7861	5
7862	5
7863	5
7864	5
7865	5
7866	5
7867	5
7868	5
7869	5
7870	5
7871	5
7872	5
7873	5
7874	5
7875	5
7876	5
7877	5
7878	5
7879	5
7880	4
7881	4
7882	4
7883	4
7884	4
7885	4
7886	4
7887	4
7888	4
7889	4
7890	4
7891	4
7892	4
7893	4
7894	4
7895	4
7896	4
7897	4
7898	4
7899	4
7900	4
7901	4
7902	4
7903	4
7904	4
7905	4
7906	4
7907	4
7908	4
7909	4
7910	4
7911	4
7912	4
7913	4
7914	4
7915	4
7916	4
7917	4
7918	4
7919	4
7920	4
7921	4
7922	4
7923	4
7924	4
7925	4
7926	4
7927	4
7928	4
7929	4
7930	4
7931	4
7932	4
7933	4
7934	4
7935	4
7936	4
7937	4
7938	4
7939	4
7940	4
7941	4
7942	4
7943	4
7944	4
7945	4
7946	4
7947	4
7948	4
7949	4
7950	4
7951	4
7952	4
7953	4
7954	4
7955	4
7956	4
7957	4
7958	4
7959	4
7960	4
7961	4
7962	4
7963	4
7964	4
7965	4
7966	4
7967	4
7968	4
7969	4
7970	4
7971	4
7972	4
7973	4
7974	4
7975	4
7976	4
7977	4
7978	4
7979	4
7980	4
7981	4
7982	4
7983	4
7984	4
7985	4
7986	4
7987	4
7988	4
7989	4
7990	4
7991	4
7992	4
7993	4
7994	4
7995	4
7996	4
7997	4
7998	4
7999	4
8000	4
8001	4
8002	4
8003	4
8004	4
8005	4
8006	4
8007	4
8008	4
8009	4
8010	4
8011	4
8012	4
8013	4
8014	4
8015	4
8016	4
8017	4
8018	4
8019	4
8020	4
8021	4
8022	4
8023	4
8024	4
8025	4
8026	4
8027	4
8028	4
8029	4
8030	4
8031	4
8032	4
8033	4
8034	4
8035	4
8036	4
8037	4
8038	4
8039	4
8040	4
8041	4
8042	4
8043	3
8044	3
8045	3
8046	3
8047	3
8048	3
8049	3
8050	3
8051	3
8052	3
8053	3
8054	3
8055	3
8056	3
8057	3
8058	3
8059	3
8060	3
8061	3
8062	3
8063	3
8064	3
8065	3
8066	3
8067	3
8068	3
8069	3
8070	3
8071	3
8072	3
8073	3
8074	3
8075	3
8076	3
8077	3
8078	3
8079	3
8080	3
8081	3
8082	3
8083	3
8084	3
8085	3
8086	3
8087	3
8088	3
8089	3
8090	3
8091	3
8092	3
8093	3
8094	3
8095	3
8096	3
8097	3
8098	3
8099	3
8100	3
8101	3
8102	3
8103	3
8104	3
8105	3
8106	3
8107	3
8108	3
8109	3
8110	3
8111	3
8112	3
8113	3
8114	3
8115	3
8116	3
8117	3
8118	3
8119	3
8120	3
8121	3
8122	3
8123	3
8124	3
8125	3
8126	3
8127	3
8128	3
8129	3
8130	3
8131	3
8132	3
8133	3
8134	3
8135	3
8136	3
8137	3
8138	3
8139	3
8140	3
8141	3
8142	3
8143	3
8144	3
8145	3
8146	3
8147	3
8148	3
8149	3
8150	3
8151	3
8152	3
8153	3
8154	3
8155	3
8156	3
8157	3
8158	3
8159	3
8160	3
8161	3
8162	3
8163	3
8164	3
8165	3
8166	3
8167	3
8168	3
8169	3
8170	3
8171	3
8172	3
8173	3
8174	3
8175	3
8176	3
8177	3
8178	3
8179	3
8180	3
8181	3
8182	3
8183	3
8184	3
8185	3
8186	3
8187	3
8188	3
8189	3
8190	3
8191	3
8192	3
8193	3
8194	3
8195	3
8196	3
8197	3
8198	3
8199	3
8200	3
8201	3
8202	3
8203	3
8204	3
8205	3
8206	3
8207	3
8208	3
8209	3
8210	3
8211	3
8212	3
8213	3
8214	3
8215	3
8216	3
8217	3
8218	3
8219	3
8220	3
8221	3
8222	3
8223	3
8224	3
8225	3
8226	3
8227	3
8228	3
8229	3
8230	3
8231	3
8232	3
8233	3
8234	3
8235	3
8236	3
8237	3
8238	3
8239	3
8240	3
8241	3
8242	3
8243	3
8244	3
8245	3
8246	3
8247	3
8248	3
8249	3
8250	3
8251	3
8252	3
8253	3
8254	3
8255	3
8256	3
8257	2
8258	2
8259	2
8260	2
8261	2
8262	2
8263	2
8264	2
8265	2
8266	2
8267	2
8268	2
8269	2
8270	2
8271	2
8272	2
8273	2
8274	2
8275	2
8276	2
8277	2
8278	2
8279	2
8280	2
8281	2
8282	2
8283	2
8284	2
8285	2
8286	2
8287	2
8288	2
8289	2
8290	2
8291	2
8292	2
8293	2
8294	2
8295	2
8296	2
8297	2
8298	2
8299	2
8300	2
8301	2
8302	2
8303	2
8304	2
8305	2
8306	2
8307	2
8308	2
8309	2
8310	2
8311	2
8312	2
8313	2
8314	2
8315	2
8316	2
8317	2
8318	2
8319	2
8320	2
8321	2
8322	2
8323	2
8324	2
8325	2
8326	2
8327	2
8328	2
8329	2
8330	2
8331	2
8332	2
8333	2
8334	2
8335	2
8336	2
8337	2
8338	2
8339	2
8340	2
8341	2
8342	2
8343	2
8344	2
8345	2
8346	2
8347	2
8348	2
8349	2
8350	2
8351	2
8352	2
8353	2
8354	2
8355	2
8356	2
8357	2
8358	2
8359	2
8360	2
8361	2
8362	2
8363	2
8364	2
8365	2
8366	2
8367	2
8368	2
8369	2
8370	2
8371	2
8372	2
8373	2
8374	2
8375	2
8376	2
8377	2
8378	2
8379	2
8380	2
8381	2
8382	2
8383	2
8384	2
8385	2
8386	2
8387	2
8388	2
8389	2
8390	2
8391	2
8392	2
8393	2
8394	2
8395	2
8396	2
8397	2
8398	2
8399	2
8400	2
8401	2
8402	2
8403	2
8404	2
8405	2
8406	2
8407	2
8408	2
8409	2
8410	2
8411	2
8412	2
8413	2
8414	2
8415	2
8416	2
8417	2
8418	2
8419	2
8420	2
8421	2
8422	2
8423	2
8424	2
8425	2
8426	2
8427	2
8428	2
8429	2
8430	2
8431	2
8432	2
8433	2
8434	2
8435	2
8436	2
8437	2
8438	2
8439	2
8440	2
8441	2
8442	2
8443	2
8444	2
8445	2
8446	2
8447	2
8448	2
8449	2
8450	2
8451	2
8452	2
8453	2
8454	2
8455	2
8456	2
8457	2
8458	2
8459	2
8460	2
8461	2
8462	2
8463	2
8464	2
8465	2
8466	2
8467	2
8468	2
8469	2
8470	2
8471	2
8472	2
8473	2
8474	2
8475	2
8476	2
8477	2
8478	2
8479	2
8480	2
8481	2
8482	2
8483	2
8484	2
8485	2
8486	2
8487	2
8488	2
8489	2
8490	2
8491	2
8492	2
8493	2
8494	2
8495	2
8496	2
8497	2
8498	2
8499	2
8500	2
8501	2
8502	2
8503	2
8504	2
8505	2
8506	2
8507	2
8508	2
8509	2
8510	2
8511	2
8512	2
8513	2
8514	2
8515	2
8516	2
8517	2
8518	2
8519	2
8520	2
8521	2
8522	2
8523	2
8524	2
8525	2
8526	2
8527	2
8528	2
8529	2
8530	2
8531	2
8532	2
8533	2
8534	2
8535	2
8536	2
8537	2
8538	2
8539	2
8540	2
8541	2
8542	2
8543	2
8544	2
8545	2
8546	2
8547	2
8548	2
8549	2
8550	2
8551	2
8552	2
8553	2
8554	2
8555	2
8556	2
8557	2
8558	2
8559	2
8560	2
8561	2
8562	2
8563	2
8564	2
8565	2
8566	2
8567	2
8568	1
8569	1
8570	1
8571	1
8572	1
8573	1
8574	1
8575	1
8576	1
8577	1
8578	1
8579	1
8580	1
8581	1
8582	1
8583	1
8584	1
8585	1
8586	1
8587	1
8588	1
8589	1
8590	1
8591	1
8592	1
8593	1
8594	1
8595	1
8596	1
8597	1
8598	1
8599	1
8600	1
8601	1
8602	1
8603	1
8604	1
8605	1
8606	1
8607	1
8608	1
8609	1
8610	1
8611	1
8612	1
8613	1
8614	1
8615	1
8616	1
8617	1
8618	1
8619	1
8620	1
8621	1
8622	1
8623	1
8624	1
8625	1
8626	1
8627	1
8628	1
8629	1
8630	1
8631	1
8632	1
8633	1
8634	1
8635	1
8636	1
8637	1
8638	1
8639	1
8640	1
8641	1
8642	1
8643	1
8644	1
8645	1
8646	1
8647	1
8648	1
8649	1
8650	1
8651	1
8652	1
8653	1
8654	1
8655	1
8656	1
8657	1
8658	1
8659	1
8660	1
8661	1
8662	1
8663	1
8664	1
8665	1
8666	1
8667	1
8668	1
8669	1
8670	1
8671	1
8672	1
8673	1
8674	1
8675	1
8676	1
8677	1
8678	1
8679	1
8680	1
8681	1
8682	1
8683	1
8684	1
8685	1
8686	1
8687	1
8688	1
8689	1
8690	1
8691	1
8692	1
8693	1
8694	1
8695	1
8696	1
8697	1
8698	1
8699	1
8700	1
8701	1
8702	1
8703	1
8704	1
8705	1
8706	1
8707	1
8708	1
8709	1
8710	1
8711	1
8712	1
8713	1
8714	1
8715	1
8716	1
8717	1
8718	1
8719	1
8720	1
8721	1
8722	1
8723	1
8724	1
8725	1
8726	1
8727	1
8728	1
8729	1
8730	1
8731	1
8732	1
8733	1
8734	1
8735	1
8736	1
8737	1
8738	1
8739	1
8740	1
8741	1
8742	1
8743	1
8744	1
8745	1
8746	1
8747	1
8748	1
8749	1
8750	1
8751	1
8752	1
8753	1
8754	1
8755	1
8756	1
8757	1
8758	1
8759	1
8760	1
8761	1
8762	1
8763	1
8764	1
8765	1
8766	1
8767	1
8768	1
8769	1
8770	1
8771	1
8772	1
8773	1
8774	1
8775	1
8776	1
8777	1
8778	1
8779	1
8780	1
8781	1
8782	1
8783	1
8784	1
8785	1
8786	1
8787	1
8788	1
8789	1
8790	1
8791	1
8792	1
8793	1
8794	1
8795	1
8796	1
8797	1
8798	1
8799	1
8800	1
8801	1
8802	1
8803	1
8804	1
8805	1
8806	1
8807	1
8808	1
8809	1
8810	1
8811	1
8812	1
8813	1
8814	1
8815	1
8816	1
8817	1
8818	1
8819	1
8820	1
8821	1
8822	1
8823	1
8824	1
8825	1
8826	1
8827	1
8828	1
8829	1
8830	1
8831	1
8832	1
8833	1
8834	1
8835	1
8836	1
8837	1
8838	1
8839	1
8840	1
8841	1
8842	1
8843	1
8844	1
8845	1
8846	1
8847	1
8848	1
8849	1
8850	1
8851	1
8852	1
8853	1
8854	1
8855	1
8856	1
8857	1
8858	1
8859	1
8860	1
8861	1
8862	1
8863	1
8864	1
8865	1
8866	1
8867	1
8868	1
8869	1
8870	1
8871	1
8872	1
8873	1
8874	1
8875	1
8876	1
8877	1
8878	1
8879	1
8880	1
8881	1
8882	1
8883	1
8884	1
8885	1
8886	1
8887	1
8888	1
8889	1
8890	1
8891	1
8892	1
8893	1
8894	1
8895	1
8896	1
8897	1
8898	1
8899	1
8900	1
8901	1
8902	1
8903	1
8904	1
8905	1
8906	1
8907	1
8908	1
8909	1
8910	1
8911	1
8912	1
8913	1
8914	1
8915	1
8916	1
8917	1
8918	1
8919	1
8920	1
8921	1
8922	1
8923	1
8924	1
8925	1
8926	1
8927	1
8928	1
8929	1
8930	1
8931	1
8932	1
8933	1
8934	1
8935	1
8936	1
8937	1
8938	1
8939	1
8940	1
8941	1
8942	1
8943	1
8944	1
8945	1
8946	1
8947	1
8948	1
8949	1
8950	1
8951	1
8952	1
8953	1
8954	1
8955	1
8956	1
8957	1
8958	1
8959	1
8960	1
8961	1
8962	1
8963	1
8964	1
8965	1
8966	1
8967	1
8968	1
8969	1
8970	1
8971	1
8972	1
8973	1
8974	1
8975	1
8976	1
8977	1
8978	1
8979	1
8980	1
8981	1
8982	1
8983	1
8984	1
8985	1
8986	1
8987	1
8988	1
8989	1
8990	1
8991	1
8992	1
8993	1
8994	1
8995	1
8996	1
8997	1
8998	1
8999	1
9000	1
9001	1
9002	1
9003	1
9004	1
9005	1
9006	1
9007	1
9008	1
9009	1
9010	1
9011	1
9012	1
9013	1
9014	1
9015	1
9016	1
9017	1
9018	1
9019	1
9020	1
9021	1
9022	1
9023	1
9024	1
9025	1
9026	1
9027	1
9028	1
9029	1
9030	1
9031	1
9032	1
9033	1
9034	1
9035	1
9036	1
9037	1
9038	1
9039	1
9040	1
9041	1
9042	1
9043	1
9044	1
9045	1
9046	1
9047	1
9048	1
9049	1
9050	1
9051	1
9052	1
9053	1
9054	1
9055	1
9056	1
9057	1
9058	1
9059	1
9060	1
9061	1
9062	1
9063	1
9064	1
9065	1
9066	1
9067	1
9068	1
9069	1
9070	1
9071	1
9072	1
9073	1
9074	1
9075	1
9076	1
9077	1
9078	1
9079	1
9080	1
9081	1
9082	1
9083	1
9084	1
9085	1
9086	1
9087	1
9088	1
9089	1
9090	1
9091	1
9092	1
9093	1
9094	1
9095	1
9096	1
9097	1
9098	1
9099	1
9100	1
9101	1
9102	1
9103	1
9104	1
9105	1
9106	1
9107	1
9108	1
9109	1
9110	1
9111	1
9112	1
9113	1
9114	1
9115	1
9116	1
9117	1
9118	1
9119	1
9120	1
9121	1
